	myAUC	avg_diff	power	avg_logFC	pct.1	pct.2	cluster	gene
ENSG00000227507	0.735	0.584742440686967	0.47	0.584742440686969	0.986	0.817	0	ENSG00000227507
ENSG00000008517	0.734	0.582630675235847	0.468	0.582630675235847	0.959	0.704	0	ENSG00000008517
ENSG00000160789	0.712	1.00741351791096	0.424	1.00741351791096	0.528	0.12	0	ENSG00000160789
ENSG00000168685	0.702	0.561042656336913	0.404	0.561042656336914	0.863	0.551	0	ENSG00000168685
ENSG00000197728	0.786	0.400101149193498	0.572	0.400101149193498	1	0.997	1	ENSG00000197728
ENSG00000234745	0.222	-0.442559507384095	0.556	-0.442559507384095	1	1	1	ENSG00000234745
ENSG00000071082	0.776	0.314251023217334	0.552	0.314251023217336	1	1	1	ENSG00000071082
ENSG00000164587	0.764	0.274009281872721	0.528	0.27400928187272	1	1	1	ENSG00000164587
ENSG00000196154	0.247	-1.36079020831653	0.506	-1.36079020831653	0.615	0.826	1	ENSG00000196154
ENSG00000145425	0.751	0.263271812180404	0.502	0.263271812180403	1	1	1	ENSG00000145425
ENSG00000198034	0.748	0.305345642229245	0.496	0.305345642229245	1	0.999	1	ENSG00000198034
ENSG00000110700	0.734	0.25882555121694	0.468	0.25882555121694	1	0.999	1	ENSG00000110700
ENSG00000122406	0.705	0.266888212068228	0.41	0.266888212068227	1	0.995	1	ENSG00000122406
ENSG00000051523	0.296	-0.74455958928102	0.408	-0.74455958928102	0.728	0.898	1	ENSG00000051523
ENSG00000129824	0.298	-1.05949549714102	0.404	-1.05949549714102	0.098	0.5	1	ENSG00000129824
ENSG00000144713	0.857	0.342487659798747	0.714	0.342487659798749	1	1	2	ENSG00000144713
ENSG00000129824.1	0.829	1.09971677226944	0.658	1.09971677226944	0.88	0.298	2	ENSG00000129824
ENSG00000197958	0.802	0.357659249677358	0.604	0.357659249677358	1	1	2	ENSG00000197958
ENSG00000166710	0.198	-0.413412876050057	0.604	-0.413412876050057	1	1	2	ENSG00000166710
ENSG00000213741	0.784	0.288741291688355	0.568	0.288741291688355	1	1	2	ENSG00000213741
ENSG00000122026	0.783	0.270722857652017	0.566	0.270722857652017	1	1	2	ENSG00000122026
ENSG00000109475	0.772	0.259966139508484	0.544	0.259966139508486	1	1	2	ENSG00000109475
ENSG00000145425.1	0.771	0.277495906404936	0.542	0.277495906404935	1	1	2	ENSG00000145425
ENSG00000205542	0.239	-0.323405211036647	0.522	-0.323405211036645	1	1	2	ENSG00000205542
ENSG00000083845	0.759	0.34045352095595	0.518	0.340453520955951	1	0.995	2	ENSG00000083845
ENSG00000137154	0.755	0.280237682496977	0.51	0.280237682496979	1	1	2	ENSG00000137154
ENSG00000112306	0.752	0.269924315726573	0.504	0.269924315726574	1	1	2	ENSG00000112306
ENSG00000170889	0.744	0.255944914253762	0.488	0.255944914253762	1	0.999	2	ENSG00000170889
ENSG00000196154.1	0.259	-1.36628971551258	0.482	-1.36628971551258	0.644	0.814	2	ENSG00000196154
ENSG00000142669	0.261	-0.733846818287229	0.478	-0.733846818287225	0.816	0.923	2	ENSG00000142669
ENSG00000163682	0.738	0.260937235203165	0.476	0.260937235203164	1	1	2	ENSG00000163682
ENSG00000124614	0.719	0.281116797221938	0.438	0.281116797221938	1	0.997	2	ENSG00000124614
ENSG00000204388	0.293	-0.874190896482176	0.414	-0.874190896482176	0.505	0.751	2	ENSG00000204388
ENSG00000204525	0.295	-0.385203078798708	0.41	-0.385203078798712	0.993	0.997	2	ENSG00000204525
ENSG00000204389	0.298	-0.85200121286966	0.404	-0.852001212869658	0.473	0.756	2	ENSG00000204389
ENSG00000116251	0.702	0.268206274503395	0.404	0.268206274503395	1	0.993	2	ENSG00000116251
ENSG00000213719	0.299	-0.799773889556656	0.402	-0.799773889556656	0.224	0.575	2	ENSG00000213719
ENSG00000161570	0.933	2.62560529896651	0.866	2.62560529896651	0.907	0.126	3	ENSG00000161570
ENSG00000105374	0.907	3.30703351200089	0.814	3.30703351200089	0.837	0.09	3	ENSG00000105374
ENSG00000145649	0.886	2.15900799700589	0.772	2.15900799700589	0.803	0.067	3	ENSG00000145649
ENSG00000172543	0.87	1.61520074817944	0.74	1.61520074817944	0.842	0.257	3	ENSG00000172543
ENSG00000077984	0.858	1.97616823538828	0.716	1.97616823538828	0.741	0.054	3	ENSG00000077984
ENSG00000166710.1	0.848	0.490336795521496	0.696	0.490336795521496	0.997	1	3	ENSG00000166710
ENSG00000234745.1	0.843	0.560671276290262	0.686	0.560671276290264	1	1	3	ENSG00000234745
ENSG00000126264	0.841	1.08662998123757	0.682	1.08662998123757	0.951	0.677	3	ENSG00000126264
ENSG00000110700.1	0.184	-0.465245672442396	0.632	-0.465245672442397	0.995	1	3	ENSG00000110700
ENSG00000204525.1	0.815	0.561917715636988	0.63	0.561917715636986	1	0.996	3	ENSG00000204525
ENSG00000206503	0.801	0.550396781181022	0.602	0.550396781181021	1	0.991	3	ENSG00000206503
ENSG00000142676	0.2	-0.359030319120175	0.6	-0.359030319120178	1	1	3	ENSG00000142676
ENSG00000144713.1	0.202	-0.38418178707449	0.596	-0.384181787074491	1	1	3	ENSG00000144713
ENSG00000198918	0.208	-0.340618560197015	0.584	-0.340618560197017	0.997	1	3	ENSG00000198918
ENSG00000145425.2	0.212	-0.380964966430025	0.576	-0.380964966430024	0.997	1	3	ENSG00000145425
ENSG00000108518	0.786	0.740610663601851	0.572	0.740610663601853	0.99	0.962	3	ENSG00000108518
ENSG00000186468	0.215	-0.393390832999007	0.57	-0.393390832999006	0.997	1	3	ENSG00000186468
ENSG00000109475.1	0.221	-0.347143108660218	0.558	-0.347143108660216	1	1	3	ENSG00000109475
ENSG00000142937	0.222	-0.392818846802931	0.556	-0.392818846802932	0.997	1	3	ENSG00000142937
ENSG00000133112	0.225	-0.356608078565658	0.55	-0.356608078565659	1	1	3	ENSG00000133112
ENSG00000122026.1	0.228	-0.332149609079901	0.544	-0.332149609079902	1	1	3	ENSG00000122026
ENSG00000145220	0.766	1.11154751975778	0.532	1.11154751975778	0.653	0.184	3	ENSG00000145220
ENSG00000147604	0.236	-0.338289185972168	0.528	-0.338289185972169	1	1	3	ENSG00000147604
ENSG00000105640	0.236	-0.346633635149956	0.528	-0.346633635149954	0.997	1	3	ENSG00000105640
ENSG00000137154.1	0.238	-0.343293857089286	0.524	-0.343293857089284	1	1	3	ENSG00000137154
ENSG00000163682.1	0.239	-0.349760333589699	0.522	-0.349760333589701	1	1	3	ENSG00000163682
ENSG00000171476	0.76	1.41967046177313	0.52	1.41967046177313	0.567	0.066	3	ENSG00000171476
ENSG00000113088	0.755	1.71162090632914	0.51	1.71162090632914	0.552	0.053	3	ENSG00000113088
ENSG00000167526	0.245	-0.303008820089524	0.51	-0.303008820089526	0.997	1	3	ENSG00000167526
ENSG00000116251.1	0.247	-0.404692209798147	0.506	-0.404692209798146	0.977	0.998	3	ENSG00000116251
ENSG00000156482	0.249	-0.315533276597733	0.502	-0.315533276597735	0.997	1	3	ENSG00000156482
ENSG00000177600	0.25	-0.284723425205351	0.5	-0.284723425205353	0.997	1	3	ENSG00000177600
ENSG00000172809	0.254	-0.340992580832746	0.492	-0.340992580832747	0.995	1	3	ENSG00000172809
ENSG00000112306.1	0.255	-0.323484755878628	0.49	-0.323484755878627	1	1	3	ENSG00000112306
ENSG00000118181	0.256	-0.326916856519108	0.488	-0.326916856519108	0.992	0.999	3	ENSG00000118181
ENSG00000008988	0.258	-0.323396074352161	0.484	-0.32339607435216	0.997	0.999	3	ENSG00000008988
ENSG00000197958.1	0.258	-0.342546804432494	0.484	-0.342546804432493	0.997	1	3	ENSG00000197958
ENSG00000105193	0.261	-0.31850338942756	0.478	-0.318503389427558	0.997	1	3	ENSG00000105193
ENSG00000145592	0.263	-0.277674946342258	0.474	-0.277674946342257	0.997	1	3	ENSG00000145592
ENSG00000130255	0.263	-0.316550163168103	0.474	-0.316550163168103	0.997	1	3	ENSG00000130255
ENSG00000083845.1	0.263	-0.371184813796836	0.474	-0.371184813796834	0.982	0.998	3	ENSG00000083845
ENSG00000227507.1	0.264	-0.757521833536827	0.472	-0.757521833536826	0.593	0.897	3	ENSG00000227507
ENSG00000122406.1	0.269	-0.347698271147467	0.462	-0.34769827114747	0.992	0.997	3	ENSG00000122406
ENSG00000137818	0.27	-0.294330914941387	0.46	-0.294330914941387	1	1	3	ENSG00000137818
ENSG00000170889.1	0.273	-0.293214338561558	0.454	-0.293214338561556	0.995	1	3	ENSG00000170889
ENSG00000233927	0.274	-0.261761281307428	0.452	-0.261761281307429	0.997	1	3	ENSG00000233927
ENSG00000197540	0.725	1.01380003686098	0.45	1.01380003686098	0.609	0.261	3	ENSG00000197540
ENSG00000063177	0.275	-0.300656976384762	0.45	-0.30065697638476	0.997	1	3	ENSG00000063177
ENSG00000071082.1	0.277	-0.287966443522223	0.446	-0.287966443522222	0.997	1	3	ENSG00000071082
ENSG00000187118	0.722	1.59006967132315	0.444	1.59006967132314	0.49	0.073	3	ENSG00000187118
ENSG00000213402	0.722	0.561423559317406	0.444	0.561423559317407	0.917	0.782	3	ENSG00000213402
ENSG00000125691	0.278	-0.358866655454501	0.444	-0.3588666554545	0.961	0.998	3	ENSG00000125691
ENSG00000164587.1	0.279	-0.258517289914659	0.442	-0.258517289914656	1	1	3	ENSG00000164587
ENSG00000108298	0.279	-0.265285080672991	0.442	-0.265285080672992	1	1	3	ENSG00000108298
ENSG00000104408	0.279	-0.514944935224748	0.442	-0.514944935224747	0.728	0.931	3	ENSG00000104408
ENSG00000002586	0.72	0.789131486077057	0.44	0.789131486077057	0.718	0.448	3	ENSG00000002586
ENSG00000180644	0.717	1.66874888020555	0.434	1.66874888020555	0.453	0.029	3	ENSG00000180644
ENSG00000115523	0.715	3.19272299983816	0.43	3.19272299983816	0.477	0.081	3	ENSG00000115523
ENSG00000115738	0.713	0.808770512165485	0.426	0.808770512165486	0.793	0.552	3	ENSG00000115738
ENSG00000172757	0.713	0.483538346500877	0.426	0.483538346500875	0.974	0.934	3	ENSG00000172757
ENSG00000231500	0.288	-0.283390750171511	0.424	-0.28339075017151	1	1	3	ENSG00000231500
ENSG00000142347	0.712	0.898281389005915	0.424	0.898281389005915	0.549	0.175	3	ENSG00000142347
ENSG00000162244	0.29	-0.266903365139047	0.42	-0.266903365139048	0.997	1	3	ENSG00000162244
ENSG00000174444	0.292	-0.328622268837111	0.416	-0.328622268837108	0.979	0.991	3	ENSG00000174444
ENSG00000111796	0.708	1.43287647560532	0.416	1.43287647560532	0.549	0.176	3	ENSG00000111796
ENSG00000182899	0.293	-0.258991071599869	0.414	-0.258991071599868	1	1	3	ENSG00000182899
ENSG00000134539	0.707	1.3959345628297	0.414	1.3959345628297	0.42	0.009	3	ENSG00000134539
ENSG00000008517.1	0.705	0.644516157196941	0.41	0.644516157196942	0.852	0.747	3	ENSG00000008517
ENSG00000198755	0.297	-0.279545297830699	0.406	-0.279545297830697	1	0.998	3	ENSG00000198755
ENSG00000070756	0.299	-0.381654770390676	0.402	-0.381654770390675	0.907	0.985	3	ENSG00000070756
ENSG00000101608	0.701	0.486947083385939	0.402	0.486947083385941	0.933	0.879	3	ENSG00000101608
ENSG00000101439	1	3.4620157501615	1	3.4620157501615	1	0.061	4	ENSG00000101439
ENSG00000163131	0.999	2.82423103509284	0.998	2.82423103509284	1	0.324	4	ENSG00000163131
ENSG00000204482	0.999	2.65543406412406	0.998	2.65543406412406	1	0.119	4	ENSG00000204482
ENSG00000011600	0.997	3.10811408737905	0.994	3.10811408737905	1	0.101	4	ENSG00000011600
ENSG00000090382	0.995	4.52615401047412	0.99	4.52615401047412	0.992	0.117	4	ENSG00000090382
ENSG00000087086	0.995	2.19993352103296	0.99	2.19993352103295	1	0.992	4	ENSG00000087086
ENSG00000197956	0.993	1.9459006367543	0.986	1.9459006367543	1	0.833	4	ENSG00000197956
ENSG00000163220	0.992	4.74788151132478	0.984	4.74788151132478	0.992	0.211	4	ENSG00000163220
ENSG00000204472	0.992	2.39080341321515	0.984	2.39080341321515	0.996	0.269	4	ENSG00000204472
ENSG00000167996	0.99	1.61291489314196	0.98	1.61291489314196	1	0.993	4	ENSG00000167996
ENSG00000121552	0.987	2.52713230401546	0.974	2.52713230401546	0.975	0.01	4	ENSG00000121552
ENSG00000233276	0.987	2.20309766207772	0.974	2.20309766207772	0.992	0.328	4	ENSG00000233276
ENSG00000143546	0.985	4.54859285923583	0.97	4.54859285923583	0.975	0.109	4	ENSG00000143546
ENSG00000213741.1	0.015	-1.12439580967196	0.97	-1.12439580967197	1	1	4	ENSG00000213741
ENSG00000104904	0.983	1.34526376313311	0.966	1.34526376313311	1	0.862	4	ENSG00000104904
ENSG00000100316	0.017	-1.12216655447989	0.966	-1.12216655447989	0.996	1	4	ENSG00000100316
ENSG00000163563	0.981	2.57954211661674	0.962	2.57954211661674	0.967	0.02	4	ENSG00000163563
ENSG00000158869	0.981	2.4457142317692	0.962	2.4457142317692	0.988	0.077	4	ENSG00000158869
ENSG00000198242	0.019	-1.03560039567574	0.962	-1.03560039567574	0.992	1	4	ENSG00000198242
ENSG00000163041	0.98	1.43079814064464	0.96	1.43079814064464	0.996	0.886	4	ENSG00000163041
ENSG00000177954	0.02	-0.944282087279502	0.96	-0.9442820872795	1	1	4	ENSG00000177954
ENSG00000149273	0.02	-1.08990980063573	0.96	-1.08990980063573	1	1	4	ENSG00000149273
ENSG00000085265	0.979	2.90092503892558	0.958	2.90092503892558	0.959	0.028	4	ENSG00000085265
ENSG00000245532	0.976	2.10845313095481	0.952	2.10845313095481	0.992	0.582	4	ENSG00000245532
ENSG00000197746	0.976	2.06665949724454	0.952	2.06665949724454	0.975	0.289	4	ENSG00000197746
ENSG00000163191	0.974	1.90296422919817	0.948	1.90296422919817	0.988	0.291	4	ENSG00000163191
ENSG00000071082.2	0.028	-1.00780274317143	0.944	-1.00780274317143	1	1	4	ENSG00000071082
ENSG00000122862	0.971	1.73381712811219	0.942	1.73381712811219	1	0.584	4	ENSG00000122862
ENSG00000143947	0.029	-0.943081715936314	0.942	-0.943081715936315	1	1	4	ENSG00000143947
ENSG00000142541	0.034	-0.837384996967498	0.932	-0.837384996967499	1	1	4	ENSG00000142541
ENSG00000229117	0.035	-0.648781586821563	0.93	-0.648781586821565	1	1	4	ENSG00000229117
ENSG00000137154.2	0.035	-0.95921847980933	0.93	-0.95921847980933	1	1	4	ENSG00000137154
ENSG00000168028	0.037	-1.32819856772021	0.926	-1.32819856772021	0.852	0.996	4	ENSG00000168028
ENSG00000231500.1	0.038	-0.959403447861981	0.924	-0.959403447861979	1	1	4	ENSG00000231500
ENSG00000257764	0.962	2.47988546129967	0.924	2.47988546129967	0.93	0.022	4	ENSG00000257764
ENSG00000182287	0.961	1.88593618175017	0.922	1.88593618175017	0.959	0.203	4	ENSG00000182287
ENSG00000103187	0.959	1.52487553367776	0.918	1.52487553367776	0.996	0.576	4	ENSG00000103187
ENSG00000196154.2	0.958	1.52215906733273	0.916	1.52215906733273	1	0.759	4	ENSG00000196154
ENSG00000051523.1	0.958	1.30176585218401	0.916	1.30176585218401	1	0.848	4	ENSG00000051523
ENSG00000177600.1	0.043	-0.767683862279755	0.914	-0.767683862279756	1	1	4	ENSG00000177600
ENSG00000166441	0.043	-0.79092579663556	0.914	-0.790925796635557	1	1	4	ENSG00000166441
ENSG00000100097	0.954	2.07111294749973	0.908	2.07111294749973	0.979	0.28	4	ENSG00000100097
ENSG00000197249	0.954	2.04069225161982	0.908	2.04069225161982	0.909	0.007	4	ENSG00000197249
ENSG00000164587.2	0.047	-0.789116933858934	0.906	-0.789116933858933	1	1	4	ENSG00000164587
ENSG00000136826	0.953	2.10547199715406	0.906	2.10547199715406	0.93	0.069	4	ENSG00000136826
ENSG00000025708	0.953	1.97607984744138	0.906	1.97607984744138	0.942	0.111	4	ENSG00000025708
ENSG00000118181.1	0.048	-0.862821796522781	0.904	-0.862821796522779	0.992	0.999	4	ENSG00000118181
ENSG00000119655	0.952	1.73267460492335	0.904	1.73267460492335	0.955	0.225	4	ENSG00000119655
ENSG00000156482.1	0.05	-0.780811445927769	0.9	-0.780811445927771	1	1	4	ENSG00000156482
ENSG00000130066	0.95	1.94020802083806	0.9	1.94020802083806	0.975	0.476	4	ENSG00000130066
ENSG00000197728.1	0.051	-1.04370672228474	0.898	-1.04370672228474	0.979	1	4	ENSG00000197728
ENSG00000134419	0.052	-0.6885508131894	0.896	-0.688550813189399	1	1	4	ENSG00000134419
ENSG00000167526.1	0.052	-0.743315989688777	0.896	-0.743315989688777	1	1	4	ENSG00000167526
ENSG00000137331	0.947	2.27795639990129	0.894	2.27795639990129	0.93	0.125	4	ENSG00000137331
ENSG00000112306.2	0.054	-0.846398055922507	0.892	-0.846398055922506	1	1	4	ENSG00000112306
ENSG00000105372	0.054	-0.855166509870353	0.892	-0.855166509870353	1	1	4	ENSG00000105372
ENSG00000171858	0.054	-0.871343391135514	0.892	-0.871343391135512	0.988	1	4	ENSG00000171858
ENSG00000075624	0.946	1.02204481986648	0.892	1.02204481986648	1	0.998	4	ENSG00000075624
ENSG00000198804	0.946	0.875870003613221	0.892	0.875870003613222	1	1	4	ENSG00000198804
ENSG00000084207	0.945	1.64742981317813	0.89	1.64742981317813	0.971	0.336	4	ENSG00000084207
ENSG00000198034.1	0.058	-0.907704139712167	0.884	-0.907704139712169	1	0.999	4	ENSG00000198034
ENSG00000008988.1	0.063	-0.810855762182099	0.874	-0.810855762182098	0.988	1	4	ENSG00000008988
ENSG00000198755.1	0.063	-0.891447262312447	0.874	-0.891447262312445	0.975	1	4	ENSG00000198755
ENSG00000122406.2	0.065	-0.931800341348683	0.87	-0.931800341348685	0.967	0.999	4	ENSG00000122406
ENSG00000169429	0.933	3.6211778398789	0.866	3.6211778398789	0.885	0.092	4	ENSG00000169429
ENSG00000163221	0.932	2.6330863690982	0.864	2.63308636909821	0.868	0.014	4	ENSG00000163221
ENSG00000110077	0.932	2.07931785261171	0.864	2.07931785261171	0.868	0.011	4	ENSG00000110077
ENSG00000233927.1	0.069	-0.639138363540654	0.862	-0.639138363540654	1	1	4	ENSG00000233927
ENSG00000186468.1	0.069	-0.74905878432741	0.862	-0.749058784327409	1	1	4	ENSG00000186468
ENSG00000197766	0.93	1.8818733421451	0.86	1.8818733421451	0.872	0.033	4	ENSG00000197766
ENSG00000142676.1	0.07	-0.625204215250085	0.86	-0.625204215250086	1	1	4	ENSG00000142676
ENSG00000111640	0.929	1.07346406118987	0.858	1.07346406118987	0.996	0.901	4	ENSG00000111640
ENSG00000124172	0.929	0.794380405714719	0.858	0.794380405714718	1	0.973	4	ENSG00000124172
ENSG00000204287	0.928	1.73497131453587	0.856	1.73497131453587	0.992	0.197	4	ENSG00000204287
ENSG00000122026.2	0.072	-0.638824842733913	0.856	-0.638824842733912	1	1	4	ENSG00000122026
ENSG00000163682.2	0.073	-0.720168648440962	0.854	-0.72016864844096	1	1	4	ENSG00000163682
ENSG00000156508	0.075	-0.628391519017832	0.85	-0.628391519017834	1	1	4	ENSG00000156508
ENSG00000109475.2	0.077	-0.626588673630911	0.846	-0.62658867363091	1	1	4	ENSG00000109475
ENSG00000182899.1	0.079	-0.656952036876578	0.842	-0.656952036876577	0.996	1	4	ENSG00000182899
ENSG00000163931	0.92	1.54618346008918	0.84	1.54618346008918	0.926	0.255	4	ENSG00000163931
ENSG00000251562	0.081	-0.771328839719875	0.838	-0.771328839719875	1	1	4	ENSG00000251562
ENSG00000112096	0.916	1.86820223696497	0.832	1.86820223696497	0.897	0.222	4	ENSG00000112096
ENSG00000170345	0.916	1.37201179672519	0.832	1.37201179672518	0.992	0.916	4	ENSG00000170345
ENSG00000140988	0.084	-0.636204129912899	0.832	-0.636204129912896	0.992	1	4	ENSG00000140988
ENSG00000089157	0.084	-0.964048421815414	0.832	-0.964048421815415	0.942	0.993	4	ENSG00000089157
ENSG00000142669.1	0.915	1.00085537963204	0.83	1.00085537963205	1	0.893	4	ENSG00000142669
ENSG00000188846	0.085	-0.682259282176451	0.83	-0.68225928217645	0.996	0.999	4	ENSG00000188846
ENSG00000083845.2	0.085	-0.843615734786036	0.83	-0.843615734786034	0.979	0.997	4	ENSG00000083845
ENSG00000227507.2	0.085	-1.94666336472074	0.83	-1.94666336472074	0.313	0.907	4	ENSG00000227507
ENSG00000108298.1	0.086	-0.603898243835706	0.828	-0.603898243835705	1	1	4	ENSG00000108298
ENSG00000105193.1	0.086	-0.664166333894931	0.828	-0.66416633389493	1	1	4	ENSG00000105193
ENSG00000130255.1	0.087	-0.673771876542835	0.826	-0.673771876542835	1	1	4	ENSG00000130255
ENSG00000063177.1	0.088	-0.697171135139018	0.824	-0.697171135139018	0.996	1	4	ENSG00000063177
ENSG00000142937.1	0.09	-0.697886608091594	0.82	-0.697886608091595	1	1	4	ENSG00000142937
ENSG00000038427	0.909	2.0139724750834	0.818	2.0139724750834	0.823	0.01	4	ENSG00000038427
ENSG00000213402.1	0.093	-1.63143002220336	0.814	-1.63143002220336	0.14	0.864	4	ENSG00000213402
ENSG00000147403	0.094	-0.506535135286837	0.812	-0.506535135286838	1	1	4	ENSG00000147403
ENSG00000145425.3	0.094	-0.632090330684405	0.812	-0.632090330684404	1	1	4	ENSG00000145425
ENSG00000100906	0.905	1.53567035328005	0.81	1.53567035328006	0.971	0.808	4	ENSG00000100906
ENSG00000170458	0.901	1.9767896017471	0.802	1.9767896017471	0.807	0.011	4	ENSG00000170458
ENSG00000100300	0.898	1.21221510500191	0.796	1.21221510500191	0.942	0.479	4	ENSG00000100300
ENSG00000030582	0.897	1.52112197530677	0.794	1.52112197530677	0.823	0.059	4	ENSG00000030582
ENSG00000172809.1	0.104	-0.633275178281937	0.792	-0.633275178281937	0.996	0.999	4	ENSG00000172809
ENSG00000171863	0.104	-0.660855895319779	0.792	-0.660855895319778	0.996	0.999	4	ENSG00000171863
ENSG00000271614	0.895	1.80381432050581	0.79	1.80381432050581	0.848	0.145	4	ENSG00000271614
ENSG00000148303	0.106	-0.741988121016142	0.788	-0.741988121016143	0.959	0.999	4	ENSG00000148303
ENSG00000026025	0.893	1.10357812850123	0.786	1.10357812850123	1	0.844	4	ENSG00000026025
ENSG00000172243	0.892	1.6336070882622	0.784	1.6336070882622	0.79	0.01	4	ENSG00000172243
ENSG00000144713.2	0.108	-0.54404645314587	0.784	-0.54404645314587	1	1	4	ENSG00000144713
ENSG00000076944	0.89	1.58055476196736	0.78	1.58055476196736	0.844	0.148	4	ENSG00000076944
ENSG00000127951	0.89	1.55195906438882	0.78	1.55195906438882	0.786	0.008	4	ENSG00000127951
ENSG00000124614.1	0.11	-0.716314239379757	0.78	-0.716314239379757	0.984	0.999	4	ENSG00000124614
ENSG00000129226	0.889	1.4988478853426	0.778	1.4988478853426	0.786	0.012	4	ENSG00000129226
ENSG00000125740	0.886	1.17048889541487	0.772	1.17048889541487	0.963	0.784	4	ENSG00000125740
ENSG00000105640.1	0.116	-0.529194285834693	0.768	-0.529194285834691	1	1	4	ENSG00000105640
ENSG00000006075	0.882	2.50978770486763	0.764	2.50978770486763	0.798	0.089	4	ENSG00000006075
ENSG00000145592.1	0.12	-0.533131152998228	0.76	-0.533131152998228	1	1	4	ENSG00000145592
ENSG00000167286	0.12	-1.61055538176873	0.76	-1.61055538176873	0.152	0.812	4	ENSG00000167286
ENSG00000198851	0.121	-1.53518298280441	0.758	-1.53518298280441	0.152	0.81	4	ENSG00000198851
ENSG00000174748	0.122	-0.557574834414944	0.756	-0.557574834414944	1	1	4	ENSG00000174748
ENSG00000105373	0.122	-0.974346308929349	0.756	-0.974346308929349	0.753	0.965	4	ENSG00000105373
ENSG00000198502	0.877	1.58311347704702	0.754	1.58311347704702	0.864	0.13	4	ENSG00000198502
ENSG00000115268	0.124	-0.469434798522678	0.752	-0.469434798522674	1	1	4	ENSG00000115268
ENSG00000169442	0.124	-1.18671763688295	0.752	-1.18671763688295	0.502	0.977	4	ENSG00000169442
ENSG00000008517.2	0.125	-1.98293394040723	0.75	-1.98293394040723	0.181	0.817	4	ENSG00000008517
ENSG00000066336	0.874	1.53823632544459	0.748	1.53823632544459	0.761	0.022	4	ENSG00000066336
ENSG00000131469	0.126	-0.548436001517135	0.748	-0.548436001517135	1	1	4	ENSG00000131469
ENSG00000126759	0.873	1.47840969324564	0.746	1.47840969324564	0.774	0.047	4	ENSG00000126759
ENSG00000019582	0.873	0.852727272751814	0.746	0.852727272751813	0.979	0.534	4	ENSG00000019582
ENSG00000114942	0.127	-0.868192264371607	0.746	-0.868192264371606	0.897	0.991	4	ENSG00000114942
ENSG00000136942	0.131	-0.56296904948037	0.738	-0.562969049480367	0.992	0.999	4	ENSG00000136942
ENSG00000104870	0.867	1.40129025552061	0.734	1.40129025552061	0.802	0.119	4	ENSG00000104870
ENSG00000198712	0.866	0.566162912087537	0.732	0.566162912087539	1	1	4	ENSG00000198712
ENSG00000197756	0.134	-0.522983786547034	0.732	-0.522983786547034	1	1	4	ENSG00000197756
ENSG00000174444.1	0.135	-0.718358795340054	0.73	-0.718358795340055	0.938	0.995	4	ENSG00000174444
ENSG00000117984	0.864	1.29661859904327	0.728	1.29661859904327	0.848	0.212	4	ENSG00000117984
ENSG00000156411	0.863	0.925047283416019	0.726	0.925047283416021	0.988	0.656	4	ENSG00000156411
ENSG00000144802	0.862	1.31912606474984	0.724	1.31912606474984	0.835	0.178	4	ENSG00000144802
ENSG00000196126	0.861	1.3804996860994	0.722	1.38049968609939	0.868	0.175	4	ENSG00000196126
ENSG00000198888	0.859	0.630383474063798	0.718	0.630383474063796	1	0.993	4	ENSG00000198888
ENSG00000165168	0.858	1.47340158419205	0.716	1.47340158419205	0.737	0.028	4	ENSG00000165168
ENSG00000104763	0.855	1.28638841954309	0.71	1.28638841954309	0.786	0.13	4	ENSG00000104763
ENSG00000136238	0.855	1.08985618628458	0.71	1.08985618628458	0.881	0.316	4	ENSG00000136238
ENSG00000198938	0.855	0.54737028459303	0.71	0.547370284593031	1	0.999	4	ENSG00000198938
ENSG00000089009	0.146	-0.532365609327527	0.708	-0.532365609327526	0.996	0.999	4	ENSG00000089009
ENSG00000131981	0.846	1.28606003649853	0.692	1.28606003649853	0.741	0.068	4	ENSG00000131981
ENSG00000088832	0.845	1.09032578577468	0.69	1.09032578577468	0.872	0.384	4	ENSG00000088832
ENSG00000182718	0.841	1.22208095569106	0.682	1.22208095569106	0.819	0.223	4	ENSG00000182718
ENSG00000042753	0.841	1.08018887569219	0.682	1.08018887569219	0.811	0.211	4	ENSG00000042753
ENSG00000113269	0.839	1.27027221465833	0.678	1.27027221465833	0.712	0.049	4	ENSG00000113269
ENSG00000197629	0.837	1.26625261067547	0.674	1.26625261067547	0.683	0.011	4	ENSG00000197629
ENSG00000111716	0.164	-1.17250142563544	0.672	-1.17250142563544	0.444	0.843	4	ENSG00000111716
ENSG00000103490	0.835	1.14089842606425	0.67	1.14089842606425	0.778	0.163	4	ENSG00000103490
ENSG00000105835	0.833	1.34679537443993	0.666	1.34679537443993	0.724	0.088	4	ENSG00000105835
ENSG00000125538	0.832	1.84870526110063	0.664	1.84870526110063	0.671	0.013	4	ENSG00000125538
ENSG00000090013	0.831	1.26060033484064	0.662	1.26060033484064	0.695	0.047	4	ENSG00000090013
ENSG00000011422	0.83	1.43405671374028	0.66	1.43405671374028	0.683	0.032	4	ENSG00000011422
ENSG00000116701	0.83	1.24483786564381	0.66	1.24483786564381	0.667	0.008	4	ENSG00000116701
ENSG00000103363	0.83	0.882877136401871	0.66	0.882877136401872	0.959	0.64	4	ENSG00000103363
ENSG00000164111	0.829	1.12238272205091	0.658	1.12238272205091	0.77	0.167	4	ENSG00000164111
ENSG00000111229	0.829	0.781671202474189	0.658	0.78167120247419	0.955	0.709	4	ENSG00000111229
ENSG00000147604.1	0.172	-0.432244371003657	0.656	-0.432244371003658	1	1	4	ENSG00000147604
ENSG00000181163	0.173	-0.764016973919288	0.654	-0.764016973919289	0.852	0.975	4	ENSG00000181163
ENSG00000102524	0.825	1.28159256427349	0.65	1.28159256427349	0.667	0.026	4	ENSG00000102524
ENSG00000101160	0.825	1.22678365021739	0.65	1.22678365021739	0.691	0.051	4	ENSG00000101160
ENSG00000164713	0.824	1.1826994158233	0.648	1.1826994158233	0.728	0.13	4	ENSG00000164713
ENSG00000067560	0.822	0.876923708394377	0.644	0.876923708394378	0.897	0.538	4	ENSG00000067560
ENSG00000067082	0.821	0.950155927408999	0.642	0.950155927408998	0.959	0.671	4	ENSG00000067082
ENSG00000161016	0.18	-0.511045165453173	0.64	-0.511045165453172	1	0.999	4	ENSG00000161016
ENSG00000120738	0.818	1.46982030046803	0.636	1.46982030046803	0.77	0.205	4	ENSG00000120738
ENSG00000149925	0.817	0.76182321675562	0.634	0.761823216755621	0.942	0.717	4	ENSG00000149925
ENSG00000106066	0.816	1.32196984823089	0.632	1.32196984823089	0.634	0.003	4	ENSG00000106066
ENSG00000112149	0.816	1.15683839289796	0.632	1.15683839289796	0.716	0.105	4	ENSG00000112149
ENSG00000158517	0.815	1.27611460176089	0.63	1.27611460176089	0.765	0.214	4	ENSG00000158517
ENSG00000112137	0.814	1.29700859610946	0.628	1.29700859610946	0.658	0.035	4	ENSG00000112137
ENSG00000137575	0.814	1.05235542191636	0.628	1.05235542191636	0.737	0.162	4	ENSG00000137575
ENSG00000112799	0.813	1.17939976862606	0.626	1.17939976862606	0.667	0.044	4	ENSG00000112799
ENSG00000169413	0.813	1.15063319194407	0.626	1.15063319194407	0.638	0.013	4	ENSG00000169413
ENSG00000143933	0.812	1.0228643836134	0.624	1.0228643836134	0.868	0.436	4	ENSG00000143933
ENSG00000117410	0.811	1.00622975179259	0.622	1.00622975179259	0.778	0.232	4	ENSG00000117410
ENSG00000116251.2	0.189	-0.525656260039652	0.622	-0.525656260039651	0.979	0.996	4	ENSG00000116251
ENSG00000198918.1	0.19	-0.3234372635341	0.62	-0.3234372635341	1	1	4	ENSG00000198918
ENSG00000205246	0.19	-0.921329946113696	0.62	-0.921329946113694	0.453	0.841	4	ENSG00000205246
ENSG00000196683	0.191	-0.626985048707957	0.618	-0.626985048707956	0.922	0.983	4	ENSG00000196683
ENSG00000113648	0.808	1.02880416915098	0.616	1.02880416915098	0.749	0.221	4	ENSG00000113648
ENSG00000163660	0.806	0.86968741547646	0.612	0.86968741547646	0.926	0.658	4	ENSG00000163660
ENSG00000168685.1	0.194	-1.48681764864145	0.612	-1.48681764864145	0.103	0.671	4	ENSG00000168685
ENSG00000265681	0.195	-0.696693563685165	0.61	-0.696693563685165	0.835	0.96	4	ENSG00000265681
ENSG00000196405	0.195	-1.03945889407737	0.61	-1.03945889407737	0.259	0.758	4	ENSG00000196405
ENSG00000114391	0.197	-0.492365699108339	0.606	-0.492365699108339	0.984	0.996	4	ENSG00000114391
ENSG00000140379	0.801	1.22905247497383	0.602	1.22905247497383	0.663	0.088	4	ENSG00000140379
ENSG00000164733	0.801	1.01545165084518	0.602	1.01545165084518	0.679	0.104	4	ENSG00000164733
ENSG00000142634	0.801	0.985566625889969	0.602	0.985566625889969	0.728	0.144	4	ENSG00000142634
ENSG00000177156	0.8	0.967618852721808	0.6	0.967618852721808	0.761	0.239	4	ENSG00000177156
ENSG00000205542.1	0.8	0.329635118262709	0.6	0.329635118262707	1	1	4	ENSG00000205542
ENSG00000169567	0.2	-0.770546650870707	0.6	-0.770546650870706	0.671	0.911	4	ENSG00000169567
ENSG00000081041	0.799	2.00754139397556	0.598	2.00754139397556	0.609	0.019	4	ENSG00000081041
ENSG00000107738	0.799	1.03365276191078	0.598	1.03365276191078	0.774	0.286	4	ENSG00000107738
ENSG00000128016	0.798	0.899678511171399	0.596	0.8996785111714	0.947	0.768	4	ENSG00000128016
ENSG00000060138	0.796	1.17417204465058	0.592	1.17417204465059	0.675	0.101	4	ENSG00000060138
ENSG00000198886	0.796	0.459225099590252	0.592	0.459225099590253	1	0.999	4	ENSG00000198886
ENSG00000126883	0.794	1.09548564481302	0.588	1.09548564481302	0.626	0.044	4	ENSG00000126883
ENSG00000000938	0.794	1.02074555178117	0.588	1.02074555178117	0.638	0.048	4	ENSG00000000938
ENSG00000092841	0.794	0.637383581198986	0.588	0.637383581198986	0.988	0.842	4	ENSG00000092841
ENSG00000143110	0.793	0.866062497338393	0.586	0.866062497338393	0.823	0.33	4	ENSG00000143110
ENSG00000179344	0.792	0.946842330297267	0.584	0.946842330297267	0.745	0.151	4	ENSG00000179344
ENSG00000084234	0.791	1.14239767342721	0.582	1.14239767342721	0.646	0.078	4	ENSG00000084234
ENSG00000042493	0.789	1.10562029673997	0.578	1.10562029673997	0.646	0.088	4	ENSG00000042493
ENSG00000103811	0.786	1.00888324787718	0.572	1.00888324787718	0.642	0.079	4	ENSG00000103811
ENSG00000198840	0.786	0.472774653332755	0.572	0.472774653332754	1	0.998	4	ENSG00000198840
ENSG00000198899	0.785	0.437754423668465	0.57	0.437754423668462	1	0.997	4	ENSG00000198899
ENSG00000167658	0.216	-0.597876835783914	0.568	-0.597876835783915	0.905	0.971	4	ENSG00000167658
ENSG00000139278	0.783	0.995509490528535	0.566	0.995509490528535	0.7	0.182	4	ENSG00000139278
ENSG00000204397	0.783	0.989660537811613	0.566	0.989660537811613	0.745	0.24	4	ENSG00000204397
ENSG00000108107	0.217	-0.297961122823079	0.566	-0.29796112282308	1	1	4	ENSG00000108107
ENSG00000162244.1	0.218	-0.363175345999462	0.564	-0.363175345999461	0.996	1	4	ENSG00000162244
ENSG00000170296	0.781	0.995127378596964	0.562	0.995127378596964	0.654	0.11	4	ENSG00000170296
ENSG00000231389	0.778	1.15292009623504	0.556	1.15292009623504	0.737	0.207	4	ENSG00000231389
ENSG00000135218	0.777	1.18971716826908	0.554	1.18971716826908	0.56	0.005	4	ENSG00000135218
ENSG00000116741	0.777	0.998296403672324	0.554	0.998296403672323	0.889	0.473	4	ENSG00000116741
ENSG00000216490	0.776	1.11451250830927	0.552	1.11451250830927	0.576	0.026	4	ENSG00000216490
ENSG00000119535	0.776	1.10562225708648	0.552	1.10562225708648	0.556	0.005	4	ENSG00000119535
ENSG00000120129	0.776	0.737907515075258	0.552	0.737907515075259	0.992	0.891	4	ENSG00000120129
ENSG00000130429	0.776	0.715170986252751	0.552	0.715170986252751	0.926	0.645	4	ENSG00000130429
ENSG00000204628	0.224	-0.422974204394691	0.552	-0.422974204394692	0.988	0.998	4	ENSG00000204628
ENSG00000160593	0.775	0.942897799754126	0.55	0.942897799754126	0.691	0.179	4	ENSG00000160593
ENSG00000198786	0.775	0.599844367979837	0.55	0.599844367979837	0.988	0.907	4	ENSG00000198786
ENSG00000182866	0.225	-1.06975218787851	0.55	-1.06975218787851	0.091	0.599	4	ENSG00000182866
ENSG00000188186	0.773	0.728976191958048	0.546	0.728976191958047	0.885	0.561	4	ENSG00000188186
ENSG00000140264	0.773	0.507123158486441	0.546	0.507123158486442	0.996	0.942	4	ENSG00000140264
ENSG00000241343	0.227	-0.450834560032413	0.546	-0.450834560032415	0.988	0.996	4	ENSG00000241343
ENSG00000102265	0.772	0.974580826010634	0.544	0.974580826010634	0.733	0.244	4	ENSG00000102265
ENSG00000021355	0.772	0.900454664247005	0.544	0.900454664247006	0.716	0.23	4	ENSG00000021355
ENSG00000115271	0.771	1.12293220460026	0.542	1.12293220460026	0.568	0.032	4	ENSG00000115271
ENSG00000135046	0.77	0.805240712483809	0.54	0.805240712483811	0.914	0.568	4	ENSG00000135046
ENSG00000171051	0.769	1.08279218876037	0.538	1.08279218876037	0.539	0.002	4	ENSG00000171051
ENSG00000173762	0.231	-1.24824722977609	0.538	-1.24824722977609	0.111	0.604	4	ENSG00000173762
ENSG00000197747	0.768	0.884939764711265	0.536	0.884939764711268	0.893	0.639	4	ENSG00000197747
ENSG00000115956	0.766	0.912060953149592	0.532	0.912060953149593	0.609	0.073	4	ENSG00000115956
ENSG00000104964	0.234	-0.858599447053883	0.532	-0.858599447053882	0.383	0.755	4	ENSG00000104964
ENSG00000081059	0.234	-1.04507906237086	0.532	-1.04507906237086	0.177	0.637	4	ENSG00000081059
ENSG00000163466	0.765	0.591546421798771	0.53	0.591546421798771	0.955	0.761	4	ENSG00000163466
ENSG00000135604	0.764	1.07252981035141	0.528	1.07252981035141	0.556	0.032	4	ENSG00000135604
ENSG00000143384	0.763	0.781895896289249	0.526	0.781895896289249	0.84	0.469	4	ENSG00000143384
ENSG00000172216	0.762	0.897819330290989	0.524	0.897819330290989	0.757	0.309	4	ENSG00000172216
ENSG00000173221	0.761	0.845983586335423	0.522	0.845983586335424	0.704	0.241	4	ENSG00000173221
ENSG00000140749	0.76	0.986109120718297	0.52	0.986109120718297	0.523	0.004	4	ENSG00000140749
ENSG00000243449	0.76	0.871228136158873	0.52	0.871228136158873	0.675	0.186	4	ENSG00000243449
ENSG00000241399	0.758	0.977203941641374	0.516	0.977203941641375	0.523	0.007	4	ENSG00000241399
ENSG00000137161	0.758	0.870292066839966	0.516	0.870292066839967	0.663	0.178	4	ENSG00000137161
ENSG00000111275	0.757	0.976379435846852	0.514	0.976379435846852	0.519	0.005	4	ENSG00000111275
ENSG00000131171	0.757	0.744921526262193	0.514	0.744921526262193	0.794	0.381	4	ENSG00000131171
ENSG00000142546	0.243	-0.987608305454549	0.514	-0.987608305454548	0.305	0.691	4	ENSG00000142546
ENSG00000143226	0.756	1.02442680853543	0.512	1.02442680853543	0.519	0.006	4	ENSG00000143226
ENSG00000185650	0.756	0.812417709694349	0.512	0.812417709694348	0.819	0.444	4	ENSG00000185650
ENSG00000137752	0.755	0.885505286334764	0.51	0.885505286334764	0.626	0.138	4	ENSG00000137752
ENSG00000008394	0.754	1.11862580650965	0.508	1.11862580650965	0.51	0.002	4	ENSG00000008394
ENSG00000142089	0.753	1.21661575095065	0.506	1.21661575095065	0.556	0.055	4	ENSG00000142089
ENSG00000140575	0.753	0.868588371163723	0.506	0.868588371163724	0.654	0.181	4	ENSG00000140575
ENSG00000130313	0.753	0.86179314743749	0.506	0.86179314743749	0.691	0.25	4	ENSG00000130313
ENSG00000136156	0.753	0.554373643694801	0.506	0.554373643694801	0.975	0.889	4	ENSG00000136156
ENSG00000162444	0.752	1.17089112967536	0.504	1.17089112967536	0.506	0.002	4	ENSG00000162444
ENSG00000155465	0.751	0.99998352489482	0.502	0.99998352489482	0.51	0.008	4	ENSG00000155465
ENSG00000177105	0.751	0.80635336046156	0.502	0.806353360461561	0.708	0.268	4	ENSG00000177105
ENSG00000221869	0.75	1.0647992740051	0.5	1.0647992740051	0.527	0.027	4	ENSG00000221869
ENSG00000112335	0.75	0.697007679437426	0.5	0.697007679437426	0.79	0.414	4	ENSG00000112335
ENSG00000183283	0.75	0.691290433193321	0.5	0.69129043319332	0.856	0.485	4	ENSG00000183283
ENSG00000135390	0.75	0.49567686437774	0.5	0.495676864377741	0.984	0.855	4	ENSG00000135390
ENSG00000204103	0.749	1.21732891473348	0.498	1.21732891473348	0.502	0.005	4	ENSG00000204103
ENSG00000177674	0.749	0.958078371470629	0.498	0.95807837147063	0.56	0.07	4	ENSG00000177674
ENSG00000141505	0.749	0.926769320500662	0.498	0.926769320500662	0.502	0.005	4	ENSG00000141505
ENSG00000174021	0.749	0.774809946986778	0.498	0.774809946986778	0.683	0.219	4	ENSG00000174021
ENSG00000185862	0.749	0.708285496295194	0.498	0.708285496295194	0.831	0.513	4	ENSG00000185862
ENSG00000223865	0.747	0.842577500342308	0.494	0.842577500342308	0.741	0.274	4	ENSG00000223865
ENSG00000118640	0.746	0.710413126514466	0.492	0.710413126514466	0.815	0.452	4	ENSG00000118640
ENSG00000120708	0.745	0.969910690840857	0.49	0.969910690840857	0.494	0.004	4	ENSG00000120708
ENSG00000111729	0.745	0.943633480440608	0.49	0.943633480440608	0.494	0.004	4	ENSG00000111729
ENSG00000187116	0.744	1.04313981167744	0.488	1.04313981167744	0.49	0.003	4	ENSG00000187116
ENSG00000188820	0.744	0.899926826025111	0.488	0.899926826025112	0.56	0.079	4	ENSG00000188820
ENSG00000230989	0.744	0.873881999468177	0.488	0.873881999468178	0.56	0.08	4	ENSG00000230989
ENSG00000115310	0.744	0.719194101250048	0.488	0.719194101250049	0.733	0.321	4	ENSG00000115310
ENSG00000121316	0.743	1.06508322304946	0.486	1.06508322304946	0.49	0.003	4	ENSG00000121316
ENSG00000254087	0.743	0.929950329359137	0.486	0.929950329359137	0.527	0.039	4	ENSG00000254087
ENSG00000169230	0.743	0.738176799936338	0.486	0.738176799936337	0.761	0.378	4	ENSG00000169230
ENSG00000136167	0.743	0.697242498297826	0.486	0.697242498297826	0.757	0.36	4	ENSG00000136167
ENSG00000177700	0.743	0.681695920044099	0.486	0.6816959200441	0.856	0.542	4	ENSG00000177700
ENSG00000104765	0.742	0.847694516623773	0.484	0.847694516623774	0.601	0.134	4	ENSG00000104765
ENSG00000131042	0.741	0.931715951743934	0.482	0.931715951743934	0.486	0.003	4	ENSG00000131042
ENSG00000140612	0.741	0.758826657412672	0.482	0.758826657412672	0.708	0.312	4	ENSG00000140612
ENSG00000110700.2	0.26	-0.309614621502983	0.48	-0.309614621502983	1	0.999	4	ENSG00000110700
ENSG00000154589	0.739	0.909327875259507	0.478	0.909327875259508	0.539	0.07	4	ENSG00000154589
ENSG00000116824	0.261	-0.993837982386665	0.478	-0.993837982386664	0.099	0.547	4	ENSG00000116824
ENSG00000174695	0.737	0.797749848580169	0.474	0.797749848580169	0.572	0.108	4	ENSG00000174695
ENSG00000132334	0.736	0.854979547982674	0.472	0.854979547982674	0.531	0.062	4	ENSG00000132334
ENSG00000183648	0.736	0.65503440102583	0.472	0.65503440102583	0.835	0.493	4	ENSG00000183648
ENSG00000130592	0.736	0.640642806306902	0.472	0.640642806306902	0.852	0.542	4	ENSG00000130592
ENSG00000111144	0.735	0.801989522603898	0.47	0.801989522603898	0.609	0.164	4	ENSG00000111144
ENSG00000156976	0.265	-0.597102595045304	0.47	-0.597102595045303	0.679	0.892	4	ENSG00000156976
ENSG00000085514	0.734	0.834751045104768	0.468	0.834751045104768	0.473	0.005	4	ENSG00000085514
ENSG00000138071	0.734	0.714940698743229	0.468	0.714940698743228	0.7	0.285	4	ENSG00000138071
ENSG00000179029	0.733	1.02870004590232	0.466	1.02870004590232	0.58	0.134	4	ENSG00000179029
ENSG00000185215	0.733	0.95619908410307	0.466	0.95619908410307	0.469	0.004	4	ENSG00000185215
ENSG00000130522	0.732	0.680241593350466	0.464	0.680241593350466	0.893	0.613	4	ENSG00000130522
ENSG00000171314	0.731	0.748669730882127	0.462	0.748669730882127	0.658	0.246	4	ENSG00000171314
ENSG00000166523	0.73	1.00683327330263	0.46	1.00683327330263	0.461	0.002	4	ENSG00000166523
ENSG00000101336	0.73	0.82500390972153	0.46	0.82500390972153	0.473	0.013	4	ENSG00000101336
ENSG00000158825	0.729	0.955841205378914	0.458	0.955841205378914	0.461	0.003	4	ENSG00000158825
ENSG00000204257	0.729	0.895125483859494	0.458	0.895125483859495	0.572	0.123	4	ENSG00000204257
ENSG00000135441	0.729	0.719715335402866	0.458	0.719715335402866	0.7	0.31	4	ENSG00000135441
ENSG00000166927	0.728	0.959951677364704	0.456	0.959951677364704	0.465	0.009	4	ENSG00000166927
ENSG00000173334	0.728	0.95815318255114	0.456	0.95815318255114	0.469	0.014	4	ENSG00000173334
ENSG00000196352	0.728	0.72303572965086	0.456	0.723035729650859	0.679	0.261	4	ENSG00000196352
ENSG00000139112	0.727	0.917914681418396	0.454	0.917914681418396	0.523	0.078	4	ENSG00000139112
ENSG00000187840	0.727	0.903426253458416	0.454	0.903426253458416	0.481	0.03	4	ENSG00000187840
ENSG00000062716	0.727	0.782271433270852	0.454	0.782271433270852	0.593	0.157	4	ENSG00000062716
ENSG00000121064	0.726	0.819812167189895	0.452	0.819812167189896	0.514	0.068	4	ENSG00000121064
ENSG00000197006	0.726	0.775149173474576	0.452	0.775149173474576	0.7	0.299	4	ENSG00000197006
ENSG00000135486	0.275	-0.407936980499322	0.45	-0.407936980499323	0.963	0.99	4	ENSG00000135486
ENSG00000160654	0.275	-0.938770209349115	0.45	-0.938770209349115	0.066	0.495	4	ENSG00000160654
ENSG00000114353	0.724	0.710027025792424	0.448	0.710027025792425	0.663	0.262	4	ENSG00000114353
ENSG00000123349	0.724	0.349221039017537	0.448	0.349221039017538	0.996	0.978	4	ENSG00000123349
ENSG00000110848	0.276	-1.09169378113206	0.448	-1.09169378113206	0.239	0.602	4	ENSG00000110848
ENSG00000198189	0.723	0.67975755253707	0.446	0.67975755253707	0.761	0.385	4	ENSG00000198189
ENSG00000107372	0.723	0.663651290351301	0.446	0.663651290351301	0.728	0.357	4	ENSG00000107372
ENSG00000204387	0.279	-0.73114243037268	0.442	-0.731142430372681	0.412	0.711	4	ENSG00000204387
ENSG00000162704	0.719	0.654174573167838	0.438	0.654174573167838	0.72	0.344	4	ENSG00000162704
ENSG00000133318	0.718	0.795246188252724	0.436	0.795246188252724	0.531	0.105	4	ENSG00000133318
ENSG00000118508	0.718	0.792384753432043	0.436	0.792384753432043	0.44	0.004	4	ENSG00000118508
ENSG00000101084	0.718	0.744600402990433	0.436	0.744600402990433	0.584	0.166	4	ENSG00000101084
ENSG00000143878	0.717	0.860731543912855	0.434	0.860731543912854	0.601	0.19	4	ENSG00000143878
ENSG00000169564	0.717	0.610812285178313	0.434	0.610812285178313	0.802	0.51	4	ENSG00000169564
ENSG00000070831	0.716	0.548061908907534	0.432	0.548061908907535	0.877	0.612	4	ENSG00000070831
ENSG00000111669	0.715	0.570753895215083	0.43	0.570753895215083	0.815	0.511	4	ENSG00000111669
ENSG00000072818	0.286	-0.80109119135831	0.428	-0.801091191358309	0.169	0.544	4	ENSG00000072818
ENSG00000134954	0.286	-0.850804172999575	0.428	-0.850804172999575	0.082	0.488	4	ENSG00000134954
ENSG00000115738.1	0.714	0.838527688071087	0.428	0.838527688071088	0.811	0.564	4	ENSG00000115738
ENSG00000135821	0.714	0.829805058385627	0.428	0.829805058385627	0.494	0.073	4	ENSG00000135821
ENSG00000086300	0.714	0.828438772505773	0.428	0.828438772505774	0.486	0.061	4	ENSG00000086300
ENSG00000122694	0.714	0.736698351697729	0.428	0.73669835169773	0.556	0.142	4	ENSG00000122694
ENSG00000167468	0.714	0.548598543154239	0.428	0.54859854315424	0.868	0.598	4	ENSG00000167468
ENSG00000139193	0.288	-0.881340651083724	0.424	-0.881340651083723	0.074	0.476	4	ENSG00000139193
ENSG00000178695	0.712	0.914497892749468	0.424	0.914497892749468	0.44	0.019	4	ENSG00000178695
ENSG00000126267	0.711	0.46894090180882	0.422	0.468940901808822	0.918	0.705	4	ENSG00000126267
ENSG00000147168	0.29	-0.807419930583462	0.42	-0.807419930583461	0.156	0.538	4	ENSG00000147168
ENSG00000132963	0.71	0.593957111257111	0.42	0.593957111257111	0.724	0.376	4	ENSG00000132963
ENSG00000176340	0.71	0.529453572624241	0.42	0.529453572624241	0.802	0.472	4	ENSG00000176340
ENSG00000224397	0.709	1.03491528911833	0.418	1.03491528911833	0.42	0.003	4	ENSG00000224397
ENSG00000120533	0.709	0.632745875572344	0.418	0.632745875572344	0.671	0.294	4	ENSG00000120533
ENSG00000204592	0.292	-0.461777189307005	0.416	-0.461777189307004	0.889	0.962	4	ENSG00000204592
ENSG00000139318	0.708	0.848011741912641	0.416	0.848011741912641	0.453	0.038	4	ENSG00000139318
ENSG00000169554	0.708	0.719971509175156	0.416	0.719971509175157	0.461	0.04	4	ENSG00000169554
ENSG00000126860	0.707	0.681427483788122	0.414	0.681427483788123	0.642	0.275	4	ENSG00000126860
ENSG00000213719.1	0.706	0.474059313109601	0.412	0.4740593131096	0.807	0.477	4	ENSG00000213719
ENSG00000137818.1	0.295	-0.250868429018284	0.41	-0.250868429018283	1	1	4	ENSG00000137818
ENSG00000161960	0.705	0.452473103170904	0.41	0.452473103170904	0.909	0.745	4	ENSG00000161960
ENSG00000115875	0.296	-0.628867649086475	0.408	-0.628867649086475	0.576	0.816	4	ENSG00000115875
ENSG00000155957	0.704	0.603974384228014	0.408	0.603974384228015	0.679	0.306	4	ENSG00000155957
ENSG00000111786	0.704	0.565057518423014	0.408	0.565057518423013	0.761	0.428	4	ENSG00000111786
ENSG00000124731	0.703	0.855149056107645	0.406	0.855149056107645	0.407	0.002	4	ENSG00000124731
ENSG00000067225	0.703	0.597781463687614	0.406	0.597781463687614	0.757	0.426	4	ENSG00000067225
ENSG00000172183	0.298	-0.790563935229123	0.404	-0.790563935229122	0.107	0.482	4	ENSG00000172183
ENSG00000131238	0.702	0.699171155057496	0.404	0.699171155057497	0.56	0.172	4	ENSG00000131238
ENSG00000101347	0.702	0.62750045895224	0.404	0.627500458952241	0.617	0.24	4	ENSG00000101347
ENSG00000113732	0.702	0.544893563811871	0.404	0.544893563811871	0.782	0.494	4	ENSG00000113732
ENSG00000168461	0.701	0.73648484421041	0.402	0.73648484421041	0.407	0.005	4	ENSG00000168461
ENSG00000019582.1	0.996	2.87264755808217	0.992	2.87264755808218	1	0.534	5	ENSG00000019582
ENSG00000105369	0.993	2.68525525022142	0.986	2.68525525022142	0.987	0.032	5	ENSG00000105369
ENSG00000223865.1	0.981	2.31000289270703	0.962	2.31000289270703	0.996	0.253	5	ENSG00000223865
ENSG00000007312	0.978	2.25046993484156	0.956	2.25046993484156	0.97	0.089	5	ENSG00000007312
ENSG00000204287.1	0.972	2.42670416154146	0.944	2.42670416154146	0.996	0.199	5	ENSG00000204287
ENSG00000156738	0.958	2.29711442995695	0.916	2.29711442995695	0.923	0.026	5	ENSG00000156738
ENSG00000231389.1	0.956	2.03357312463675	0.912	2.03357312463675	0.966	0.188	5	ENSG00000231389
ENSG00000196126.1	0.951	1.877223592997	0.902	1.877223592997	0.983	0.167	5	ENSG00000196126
ENSG00000104894	0.942	1.28754952266642	0.884	1.28754952266643	0.996	0.838	5	ENSG00000104894
ENSG00000179344.1	0.937	1.77480299710554	0.874	1.77480299710554	0.931	0.136	5	ENSG00000179344
ENSG00000196735	0.931	1.94512764491942	0.862	1.94512764491942	0.888	0.051	5	ENSG00000196735
ENSG00000198502.1	0.927	1.69483653815277	0.854	1.69483653815277	0.944	0.125	5	ENSG00000198502
ENSG00000153064	0.889	1.72962537028974	0.778	1.72962537028974	0.781	0.01	5	ENSG00000153064
ENSG00000198851.1	0.13	-1.47953761800971	0.74	-1.47953761800971	0.129	0.809	5	ENSG00000198851
ENSG00000167286.1	0.131	-1.53486245456866	0.738	-1.53486245456866	0.146	0.81	5	ENSG00000167286
ENSG00000008517.3	0.153	-1.70546699623469	0.694	-1.70546699623469	0.219	0.811	5	ENSG00000008517
ENSG00000204257.1	0.844	1.36317955808231	0.688	1.36317955808231	0.76	0.108	5	ENSG00000204257
ENSG00000242574	0.839	1.37224209830669	0.678	1.37224209830669	0.721	0.064	5	ENSG00000242574
ENSG00000126264.1	0.164	-1.4358237482984	0.672	-1.4358237482984	0.15	0.767	5	ENSG00000126264
ENSG00000081189	0.833	1.68888521151664	0.666	1.68888521151664	0.691	0.041	5	ENSG00000081189
ENSG00000237541	0.821	1.41836448971445	0.642	1.41836448971445	0.665	0.03	5	ENSG00000237541
ENSG00000111716.1	0.184	-1.07459640933241	0.632	-1.07459640933241	0.438	0.842	5	ENSG00000111716
ENSG00000082074	0.187	-1.20610356867312	0.626	-1.20610356867312	0.116	0.707	5	ENSG00000082074
ENSG00000247982	0.798	1.34784601477565	0.596	1.34784601477565	0.601	0.007	5	ENSG00000247982
ENSG00000168685.2	0.202	-1.38235092343863	0.596	-1.38235092343863	0.094	0.67	5	ENSG00000168685
ENSG00000142534	0.797	0.409717614274784	0.594	0.409717614274784	1	0.997	5	ENSG00000142534
ENSG00000196154.3	0.214	-1.574144200443	0.572	-1.574144200443	0.425	0.813	5	ENSG00000196154
ENSG00000135046.1	0.216	-1.49116347479328	0.568	-1.49116347479328	0.124	0.642	5	ENSG00000135046
ENSG00000136156.1	0.221	-0.745511473904947	0.558	-0.745511473904948	0.605	0.923	5	ENSG00000136156
ENSG00000171223	0.222	-0.944623289480933	0.556	-0.944623289480933	0.738	0.955	5	ENSG00000171223
ENSG00000173762.1	0.232	-1.22958781737112	0.536	-1.22958781737112	0.094	0.604	5	ENSG00000173762
ENSG00000133872	0.234	-0.669311139795684	0.532	-0.669311139795685	0.605	0.904	5	ENSG00000133872
ENSG00000205542.2	0.235	-0.355793631108953	0.53	-0.355793631108954	1	1	5	ENSG00000205542
ENSG00000197956.1	0.241	-1.1733698579767	0.518	-1.1733698579767	0.558	0.874	5	ENSG00000197956
ENSG00000115738.2	0.242	-1.3662733394956	0.516	-1.3662733394956	0.163	0.624	5	ENSG00000115738
ENSG00000122862.1	0.25	-1.257043989549	0.5	-1.257043989549	0.21	0.658	5	ENSG00000122862
ENSG00000182866.1	0.252	-0.927044558805642	0.496	-0.927044558805641	0.129	0.593	5	ENSG00000182866
ENSG00000145416	0.744	1.10601789351002	0.488	1.10601789351002	0.515	0.034	5	ENSG00000145416
ENSG00000169442.1	0.74	0.448918045679255	0.48	0.448918045679251	1	0.93	5	ENSG00000169442
ENSG00000128218	0.739	1.20172453367394	0.478	1.20172453367394	0.481	0.004	5	ENSG00000128218
ENSG00000140968	0.739	1.06980134641365	0.478	1.06980134641365	0.511	0.044	5	ENSG00000140968
ENSG00000198840.1	0.739	0.357328233903983	0.478	0.357328233903984	1	0.998	5	ENSG00000198840
ENSG00000198712.1	0.739	0.345553081634776	0.478	0.345553081634776	1	1	5	ENSG00000198712
ENSG00000142546.1	0.261	-0.901734874082052	0.478	-0.90173487408205	0.3	0.69	5	ENSG00000142546
ENSG00000116824.1	0.262	-0.995870167810974	0.476	-0.995870167810973	0.086	0.546	5	ENSG00000116824
ENSG00000133112.1	0.263	-0.283617276210371	0.474	-0.283617276210373	1	1	5	ENSG00000133112
ENSG00000170345.1	0.264	-0.831667953072994	0.472	-0.831667953072995	0.712	0.942	5	ENSG00000170345
ENSG00000026025.1	0.266	-0.796657988101362	0.468	-0.796657988101361	0.635	0.878	5	ENSG00000026025
ENSG00000109971	0.267	-0.594292262845687	0.466	-0.594292262845686	0.682	0.923	5	ENSG00000109971
ENSG00000198804.1	0.732	0.32659807806964	0.464	0.326598078069642	1	1	5	ENSG00000198804
ENSG00000205302	0.73	0.904385603923538	0.46	0.904385603923537	0.558	0.135	5	ENSG00000205302
ENSG00000023445	0.727	1.0318246924866	0.454	1.0318246924866	0.635	0.249	5	ENSG00000023445
ENSG00000116191	0.726	1.08426988174429	0.452	1.08426988174429	0.459	0.01	5	ENSG00000116191
ENSG00000186468.2	0.726	0.262687618120401	0.452	0.262687618120403	1	1	5	ENSG00000186468
ENSG00000148908	0.275	-0.820058419374579	0.45	-0.820058419374578	0.159	0.569	5	ENSG00000148908
ENSG00000104660	0.275	-0.862394211310232	0.45	-0.862394211310231	0.094	0.525	5	ENSG00000104660
ENSG00000160654.1	0.275	-0.953535534836555	0.45	-0.953535534836555	0.064	0.493	5	ENSG00000160654
ENSG00000079950	0.724	1.07530913983842	0.448	1.07530913983842	0.489	0.055	5	ENSG00000079950
ENSG00000166710.2	0.277	-0.327478696686875	0.446	-0.327478696686876	1	1	5	ENSG00000166710
ENSG00000177606	0.277	-0.644664361770956	0.446	-0.644664361770955	0.751	0.954	5	ENSG00000177606
ENSG00000198668	0.279	-0.630774374078573	0.442	-0.630774374078573	0.579	0.864	5	ENSG00000198668
ENSG00000133789	0.719	1.00950843376182	0.438	1.00950843376182	0.451	0.016	5	ENSG00000133789
ENSG00000138639	0.716	0.983121104476536	0.432	0.983121104476536	0.438	0.007	5	ENSG00000138639
ENSG00000136573	0.711	0.945000507316183	0.422	0.945000507316183	0.429	0.009	5	ENSG00000136573
ENSG00000162144	0.711	0.856316156373591	0.422	0.85631615637359	0.494	0.095	5	ENSG00000162144
ENSG00000081059.1	0.291	-0.764493014289372	0.418	-0.764493014289373	0.266	0.627	5	ENSG00000081059
ENSG00000198886.1	0.709	0.309781410279439	0.418	0.309781410279439	1	0.999	5	ENSG00000198886
ENSG00000165502	0.293	-0.450822790003454	0.414	-0.450822790003455	0.794	0.949	5	ENSG00000165502
ENSG00000171604	0.705	0.879074365816623	0.41	0.879074365816623	0.446	0.039	5	ENSG00000171604
ENSG00000198938.1	0.705	0.319270783353615	0.41	0.319270783353614	1	0.999	5	ENSG00000198938
ENSG00000051523.2	0.705	0.303432436568225	0.41	0.303432436568225	0.961	0.852	5	ENSG00000051523
ENSG00000197747.1	0.296	-0.70144639787967	0.408	-0.701446397879668	0.339	0.69	5	ENSG00000197747
ENSG00000163683	0.704	0.863580874713384	0.408	0.863580874713383	0.472	0.076	5	ENSG00000163683
ENSG00000120129.1	0.297	-0.617865878309542	0.406	-0.61786587830954	0.657	0.922	5	ENSG00000120129
ENSG00000133321	0.298	-0.762683556613852	0.404	-0.762683556613851	0.189	0.555	5	ENSG00000133321
ENSG00000100721	0.702	1.81335926496049	0.404	1.81335926496049	0.408	0.005	5	ENSG00000100721
ENSG00000012124	0.702	1.01942851956951	0.404	1.01942851956951	0.412	0.01	5	ENSG00000012124
ENSG00000028277	0.701	0.911925819126789	0.402	0.911925819126788	0.515	0.144	5	ENSG00000028277
ENSG00000188820.1	0.701	0.816610619288994	0.402	0.816610619288994	0.481	0.088	5	ENSG00000188820
ENSG00000177606.1	0.128	-1.54318855561038	0.744	-1.54318855561038	0.723	0.948	6	ENSG00000177606
ENSG00000171223.1	0.137	-1.51595840639565	0.726	-1.51595840639565	0.73	0.948	6	ENSG00000171223
ENSG00000120129.2	0.146	-1.49009560425645	0.708	-1.49009560425645	0.631	0.914	6	ENSG00000120129
ENSG00000132475	0.158	-0.974153851363837	0.684	-0.974153851363836	0.837	0.971	6	ENSG00000132475
ENSG00000170345.2	0.166	-1.37676096967097	0.668	-1.37676096967097	0.674	0.936	6	ENSG00000170345
ENSG00000080824	0.169	-1.07777009384993	0.662	-1.07777009384993	0.773	0.941	6	ENSG00000080824
ENSG00000173812	0.172	-0.575067548353948	0.656	-0.575067548353947	1	0.999	6	ENSG00000173812
ENSG00000128016.1	0.18	-1.46188358687164	0.64	-1.46188358687164	0.305	0.809	6	ENSG00000128016
ENSG00000132002	0.187	-1.20792102038686	0.626	-1.20792102038686	0.525	0.868	6	ENSG00000132002
ENSG00000008517.4	0.807	0.808534833478546	0.614	0.808534833478546	0.986	0.75	6	ENSG00000008517
ENSG00000100906.1	0.197	-1.46292018662272	0.606	-1.46292018662272	0.447	0.843	6	ENSG00000100906
ENSG00000087074	0.207	-1.10238955264918	0.586	-1.10238955264918	0.355	0.8	6	ENSG00000087074
ENSG00000108654	0.21	-0.648071219489471	0.58	-0.648071219489472	0.922	0.985	6	ENSG00000108654
ENSG00000119801	0.21	-1.21712431552095	0.58	-1.21712431552095	0.199	0.716	6	ENSG00000119801
ENSG00000146278	0.215	-0.884183947787478	0.57	-0.884183947787477	0.511	0.874	6	ENSG00000146278
ENSG00000160888	0.219	-1.05969794408354	0.562	-1.05969794408354	0.589	0.883	6	ENSG00000160888
ENSG00000125740.1	0.219	-1.11808973825727	0.562	-1.11808973825727	0.447	0.818	6	ENSG00000125740
ENSG00000086061	0.232	-1.0284785253911	0.536	-1.0284785253911	0.255	0.712	6	ENSG00000086061
ENSG00000196154.4	0.767	0.602784714809814	0.534	0.602784714809815	0.993	0.769	6	ENSG00000196154
ENSG00000130522.1	0.255	-0.950594950884494	0.49	-0.950594950884494	0.227	0.659	6	ENSG00000130522
ENSG00000166710.3	0.744	0.253977052844468	0.488	0.253977052844467	1	1	6	ENSG00000166710
ENSG00000169442.2	0.739	0.453984275697926	0.478	0.453984275697924	1	0.932	6	ENSG00000169442
ENSG00000150991	0.266	-0.568530225490743	0.468	-0.568530225490744	0.929	0.972	6	ENSG00000150991
ENSG00000133639	0.27	-0.548286839949494	0.46	-0.548286839949493	0.858	0.965	6	ENSG00000133639
ENSG00000170315	0.276	-0.60019869406948	0.448	-0.600198694069479	0.879	0.95	6	ENSG00000170315
ENSG00000168685.3	0.72	0.637462061998866	0.44	0.637462061998867	0.858	0.609	6	ENSG00000168685
ENSG00000096384	0.281	-0.606792190966915	0.438	-0.606792190966916	0.78	0.902	6	ENSG00000096384
ENSG00000157514	0.282	-0.821779540696274	0.436	-0.821779540696274	0.475	0.76	6	ENSG00000157514
ENSG00000255112	0.283	-0.895933407473253	0.434	-0.895933407473252	0.191	0.598	6	ENSG00000255112
ENSG00000197747.2	0.713	0.530587468219176	0.426	0.530587468219178	0.879	0.649	6	ENSG00000197747
ENSG00000110848.1	0.294	-0.944051615703493	0.412	-0.944051615703493	0.227	0.589	6	ENSG00000110848
ENSG00000227507.3	0.706	0.522595423742763	0.412	0.522595423742763	0.993	0.848	6	ENSG00000227507
ENSG00000116741.1	0.295	-1.04461982536855	0.41	-1.04461982536855	0.142	0.529	6	ENSG00000116741
ENSG00000121966	0.297	-0.873989025242716	0.406	-0.873989025242716	0.305	0.64	6	ENSG00000121966
ENSG00000197019	0.299	-0.823125225508228	0.402	-0.823125225508228	0.099	0.489	6	ENSG00000197019
ENSG00000153234	0.3	-0.836328153107273	0.4	-0.836328153107272	0.099	0.494	6	ENSG00000153234
