taxonomy	S001_1_107	S002_2_108	S003_3_109	S004_4_110	S005_5_111	S006_6_113	S007_7_114	S008_8_115	S009_9_116	S010_10_117	S011_11_118	S012_12_120	S013_13_121	S014_14_122	S015_15_123	S016_NC1	S017_16_107	S018_17_108	S019_18_109	S020_19_110	S021_20_111	S022_21_113	S023_22_114	S024_23_115	S025_24_116	S026_25_117	S027_26_118	S028_27_119	S029_28_120	S030_29_121	S031_30_122	S032_31_123	S033_32_107	S034_33_108	S035_34_109	S036_35_110	S037_36_111	S038_37_113	S039_38_114	S040_39_116	S041_40_117	S042_41_118	S043_42_119	S044_43_120	S045_44_121	S046_45_122	S047_46_123	S048_NC2	S049_47_107	S050_48_108	S051_49_109	S052_50_110	S053_51_111	S054_52_114	S055_53_116	S056_54_117	S057_55_118	S058_56_119	S059_57_120	S060_58_121
Bacteria;Verrucomicrobiota;Verrucomicrobiae;Verrucomicrobiales;Akkermansiaceae;Akkermansia	5414	6918	4645	6539	846	5103	4557	7051	5682	6310	5573	5127	4069	3767	5097	0	3326	6673	3768	3705	2537	6958	6164	5762	5419	6410	5712	123	4210	4755	8219	5743	3623	3865	3719	2691	1897	4353	4342	5488	4765	4497	7	4133	4157	2404	7084	127	2503	3461	3499	2559	503	2184	3135	3364	2321	115	933	503
Bacteria;Proteobacteria;Gammaproteobacteria;Pseudomonadales;Moraxellaceae;Acinetobacter	1538	0	6363	34	1388	0	3	0	16	806	696	1401	10	639	0	0	2	0	55	0	0	0	0	0	0	315	28	88	5	9172	0	0	0	4445	0	0	0	0	0	12	55	731	0	35	234	0	0	0	13982	5729	11411	16553	18200	407	7399	12293	8682	5582	17888	12601
Bacteria;Firmicutes;Clostridia;Oscillospirales;Ruminococcaceae;Ruminococcus	9123	5877	4477	6120	4946	6015	9338	6596	5087	5290	5909	7659	7369	7948	6145	0	7071	4642	6481	3983	2506	6443	5491	6079	6600	4643	6519	9700	6737	6448	5585	7363	9154	8287	6077	8604	4803	7625	7863	8751	4157	6979	5991	6156	2412	7745	4385	177	4126	8029	4240	4316	525	5664	5496	1795	1077	2971	2085	1090
Bacteria;Firmicutes;Clostridia;Oscillospirales;Oscillospiraceae;NK4A214 group	3696	3613	1703	2082	1610	1791	1876	2581	1869	1641	2473	2058	2136	2870	2172	0	2446	1690	1548	2548	1482	2372	805	2117	1868	2285	2824	2616	2225	3953	5510	3259	2266	1032	1533	2189	1046	2070	718	2234	2160	2878	1717	2844	2541	2725	3332	178	1868	1168	1494	2154	524	813	1197	2314	1450	1684	1349	1247
Bacteria;Bacteroidota;Bacteroidia;Bacteroidales;Bacteroidaceae;Bacteroides	5298	7852	3123	4212	4494	1086	2090	3476	2027	4137	3055	6733	1891	5664	2988	0	7537	12964	3849	14655	11436	3839	10984	4253	3091	3185	2951	1909	5720	1956	8054	7599	8695	15469	5323	5606	6729	1661	13622	4264	4788	2017	1796	2845	3169	7633	6849	104	1612	9043	3353	2570	2217	3004	2793	4019	1474	1531	1752	1550
Bacteria;Bacteroidota;Bacteroidia;Bacteroidales;Rikenellaceae;Alistipes	592	1587	326	496	1504	3044	1738	1236	1219	2693	674	685	2496	1298	925	0	608	3691	407	1076	3265	3227	2979	664	4248	1933	672	3294	548	1319	2562	1061	1159	3241	932	1596	2604	2462	3152	2316	2222	850	2959	2279	1891	877	994	34	115	2833	765	582	450	706	1320	1508	354	3396	609	870
Bacteria;Bacteroidota;Bacteroidia;Bacteroidales;Muribaculaceae;Other	304	2412	777	179	2326	230	1774	2676	1623	351	417	405	2151	455	1221	0	599	5975	1021	871	5343	1412	1484	354	2163	553	482	1943	381	1836	444	795	931	6882	3496	1214	3079	1611	1225	2658	490	439	1744	129	2064	736	345	0	351	3909	3603	543	2237	799	1999	329	726	3385	269	985
Bacteria;Firmicutes;Clostridia;Lachnospirales;Lachnospiraceae;Lachnospiraceae NK4A136 group	2525	3980	1514	2205	1639	1686	1865	2586	1994	1820	3184	3673	2725	3093	2548	9	2145	1203	2304	1825	925	1694	1245	2404	2339	1538	2192	1911	2450	2039	3117	4579	3210	1741	3174	2036	1428	2317	1617	3254	1874	2328	1860	2609	1870	2595	2668	90	1062	2589	2182	1291	420	800	2301	1080	874	1970	1549	1116
Bacteria;Firmicutes;Clostridia;Oscillospirales;Oscillospiraceae;V9D2013 group	2502	3889	2201	2370	3758	2657	2343	3113	917	4016	5135	2643	1501	1313	2640	0	3285	533	3218	969	1320	2499	539	2559	2099	4175	4693	2901	2216	1693	1597	2715	3650	303	3596	1034	1299	2498	1090	2113	3947	4417	1944	2255	1717	3305	1709	75	943	1363	3433	560	379	174	2752	3993	1991	3167	1863	2026
Bacteria;Firmicutes;Clostridia;Oscillospirales;Oscillospiraceae;Papillibacter	860	2101	1079	2265	2259	3067	2026	2379	2467	2005	1020	1865	2205	3026	3876	0	1495	1468	978	2002	2924	4256	1253	2118	2323	2858	1262	2740	1906	4374	3483	3439	1575	850	989	1297	1197	3109	870	2304	2762	1269	2557	1639	2547	1518	2069	56	1035	798	697	1217	820	1167	1223	2242	695	2801	835	1227
Bacteria;Firmicutes;Clostridia;Lachnospirales;Lachnospiraceae;28-4	2343	2898	246	1689	2000	1776	805	749	975	1048	662	1373	626	1656	363	0	943	262	1363	660	261	682	322	407	682	1174	318	1114	1411	583	869	29	263	352	587	807	447	803	913	678	409	186	315	361	47	671	45	15	67	456	136	339	222	235	460	476	54	301	513	186
Archaea;Euryarchaeota;Methanobacteria;Methanobacteriales;Methanobacteriaceae;Methanobrevibacter	396	76	55	182	133	270	456	577	747	414	104	215	1038	17	565	0	553	938	60	271	462	622	421	878	598	666	213	412	384	408	0	1799	952	467	265	206	172	316	605	841	1273	256	484	372	837	0	403	0	444	144	204	190	130	1462	573	805	129	39	95	224
Bacteria;Firmicutes;Clostridia;Other;Other;Other	396	536	1346	310	276	294	302	2745	1263	824	278	194	2414	783	522	0	381	288	618	208	143	211	152	337	177	919	174	255	219	2731	297	568	483	237	326	280	201	540	186	767	3166	153	1323	196	2402	243	447	17	263	222	304	229	9	140	365	865	130	391	89	6374
Bacteria;Firmicutes;Bacilli;Bacillales;Planococcaceae;Solibacillus	0	0	0	0	5	76	0	0	0	0	0	0	48	0	7	0	0	0	0	0	0	0	0	0	0	0	0	0	0	0	0	0	0	37	40	0	0	0	0	0	0	149	0	0	0	0	0	0	247	1595	28	5214	3729	764	5212	52	124	346	5288	2849
Bacteria;Firmicutes;Clostridia;Clostridia UCG-014;Other;Other	7220	3110	6079	7140	5036	7928	6725	5483	11622	7397	2173	6380	3800	4334	3961	16	5076	1967	5071	1321	2089	3079	5547	6198	8249	7409	4852	5247	6222	4846	4849	4442	7180	2788	5137	3611	4648	3884	4566	13444	6768	6758	4856	8348	6437	6889	2097	61	4413	3957	4875	3451	2519	5603	8817	6441	3895	6511	4725	3087
Bacteria;Firmicutes;Clostridia;Oscillospirales;Ruminococcaceae;Subdoligranulum	597	557	380	408	596	513	898	529	2332	537	621	368	394	399	390	0	632	633	356	582	945	1581	1040	364	3153	614	574	551	288	443	598	629	823	448	840	526	1142	895	761	2727	830	632	525	679	777	448	884	14	463	811	453	575	630	793	1672	462	369	548	287	457
Bacteria;Firmicutes;Clostridia;Christensenellales;Christensenellaceae;Christensenellaceae R-7 group	752	1900	1740	552	1141	984	2583	1995	2387	1697	1974	647	1139	802	2178	0	1203	2947	1121	853	1712	1344	3264	1960	2692	2526	2027	1297	799	2172	1305	2343	1564	1006	1602	576	775	1242	1907	2750	2417	2407	1329	1282	1872	785	2161	51	792	794	1463	436	293	2105	1512	1500	1808	1453	297	944
Bacteria;Firmicutes;Bacilli;RF39;Other;Other	3150	1408	4330	3409	2126	4120	4712	4708	6716	3072	1142	4269	3350	2507	3677	4	3597	953	3951	1118	1655	3365	1149	4866	4144	4197	2596	6162	2992	3797	4029	3799	7054	1349	4425	3252	3478	4111	1071	6964	6601	3714	8050	6524	6119	6315	2231	106	3655	1583	4755	3219	1838	1141	4628	3999	1974	8758	2405	2950
Bacteria;Firmicutes;Clostridia;Oscillospirales;Ruminococcaceae;[Eubacterium] siraeum group	339	87	462	1571	899	653	984	1969	506	1031	1105	378	1249	222	1369	0	282	57	368	1256	414	415	445	1165	935	904	430	1678	235	842	436	1875	441	73	565	2856	569	598	638	1569	1438	391	1177	596	1607	567	2766	130	144	41	270	1444	62	172	1326	1930	56	754	142	880
Bacteria;Proteobacteria;Gammaproteobacteria;Burkholderiales;Comamonadaceae;Comamonas	21	0	0	0	0	0	0	0	0	42	0	0	0	7	0	0	0	0	0	0	0	0	0	0	0	109	0	0	0	0	0	0	0	6	0	0	0	0	0	0	0	0	0	0	0	0	0	0	2464	5	725	0	2085	27	0	5397	2095	701	567	3038
Bacteria;Firmicutes;Clostridia;Lachnospirales;Lachnospiraceae;[Eubacterium] ruminantium group	13	122	85	795	773	105	469	255	454	854	270	409	178	0	1941	0	32	82	51	1945	245	53	339	0	176	595	395	165	519	243	0	1663	93	41	56	1916	69	52	377	248	469	569	41	864	548	0	748	4	20	99	17	875	19	226	99	224	77	66	285	140
Bacteria;Firmicutes;Clostridia;Lachnospirales;Lachnospiraceae;Other	2856	3107	2618	3148	2349	3186	2190	2775	2874	2635	3786	4043	3105	3754	3158	0	2757	2882	2850	3146	2965	3647	2809	1733	3248	2349	3016	4456	3313	4080	3353	4378	4485	2578	3517	6431	3260	3623	3902	3985	2964	3661	4662	4287	3220	2757	3216	46	1686	2710	2530	2665	1044	3153	3114	2562	1358	4325	1902	1810
Bacteria;Firmicutes;Clostridia;Lachnospirales;Lachnospiraceae;Lachnospiraceae NK4B4 group	526	1048	508	269	293	199	417	226	353	399	384	305	320	392	249	0	638	328	459	486	230	544	346	377	385	511	615	549	469	658	680	461	744	399	490	529	356	277	418	407	272	380	340	490	288	237	450	14	448	516	423	329	191	445	211	545	270	394	217	228
Bacteria;Firmicutes;Bacilli;Erysipelotrichales;Erysipelotrichaceae;Other	163	121	240	350	230	162	234	182	478	408	263	300	374	142	631	0	102	275	212	110	110	69	173	160	134	330	143	95	384	474	58	517	147	362	135	169	162	156	426	163	823	142	251	313	441	4	183	16	95	216	173	86	41	596	112	386	221	162	100	193
Bacteria;Firmicutes;Clostridia;Lachnospirales;Lachnospiraceae;Roseburia	286	136	155	88	132	179	183	274	122	113	174	165	234	148	139	0	347	2149	290	216	1563	275	2738	244	170	148	212	210	213	245	168	199	314	2099	367	227	337	70	1662	87	268	270	119	108	242	114	128	16	66	730	105	88	405	970	59	166	68	122	85	151
Bacteria;Proteobacteria;Gammaproteobacteria;Enterobacterales;Enterobacteriaceae;Escherichia-Shigella	20	0	24	38	0	120	441	1069	0	1335	0	0	13	10	0	0	0	0	15	0	3	4	7	6843	0	0	0	6	0	0	0	0	0	9	2044	0	0	0	4	0	0	331	0	3	0	157	0	0	30	12	11	0	64	7	0	0	0	162	219	0
Bacteria;Firmicutes;Clostridia;Oscillospirales;Oscillospiraceae;Other	572	1315	245	434	513	785	406	645	924	1025	555	953	362	580	841	0	591	545	464	457	618	936	325	597	1138	1252	310	338	1010	726	881	1152	472	369	230	399	174	333	198	1234	1066	321	142	872	514	798	832	12	61	539	296	224	76	213	888	1003	67	179	378	281
Bacteria;Firmicutes;Clostridia;Oscillospirales;Oscillospiraceae;UCG-005	241	343	443	405	534	298	636	595	251	342	500	305	559	774	435	0	209	176	692	253	140	126	139	544	360	349	404	431	352	509	764	685	149	185	352	201	121	48	149	345	271	318	386	150	339	1014	449	5	33	146	654	84	0	12	242	359	117	416	100	286
Bacteria;Firmicutes;Clostridia;Oscillospirales;Oscillospiraceae;Intestinimonas	443	281	134	585	343	403	501	330	101	493	323	554	241	305	339	0	482	193	215	455	278	414	800	143	293	566	353	1943	418	326	757	156	584	301	491	553	378	343	768	351	629	813	819	690	387	760	282	0	311	197	256	322	92	555	224	392	213	798	412	255
Bacteria;Firmicutes;Clostridia;Peptococcales;Peptococcaceae;Other	133	267	33	105	149	131	99	214	193	128	135	145	114	144	162	0	215	413	132	490	411	251	369	131	242	153	141	136	101	138	154	208	338	570	142	239	189	149	501	235	168	174	155	250	254	304	229	0	178	243	191	104	65	323	138	108	104	179	55	94
Bacteria;Firmicutes;Bacilli;Lactobacillales;Aerococcaceae;Aerococcus	4	0	53	0	13	0	0	0	0	5	0	0	0	0	0	0	0	0	0	0	0	0	0	0	0	0	0	0	4	23	0	0	0	14	0	0	0	0	0	0	0	253	0	0	0	0	0	0	2355	49	93	2188	683	2717	72	26	121	42	1176	193
Bacteria;Firmicutes;Bacilli;Staphylococcales;Staphylococcaceae;Jeotgalicoccus	0	0	0	0	0	0	0	0	0	0	0	0	0	0	0	0	0	0	0	0	0	0	0	0	0	0	0	0	0	0	0	0	0	0	0	0	0	0	0	0	0	14	0	0	0	0	0	0	0	7	0	7	0	8745	551	0	89	0	54	210
Bacteria;Firmicutes;Clostridia;Oscillospirales;Oscillospiraceae;Flavonifractor	369	394	215	270	176	240	346	531	247	350	457	172	192	223	289	0	536	266	399	268	111	221	763	443	257	312	303	181	131	221	244	552	552	226	215	322	195	218	650	254	265	270	134	146	197	275	676	19	206	257	230	175	82	475	197	154	75	203	78	164
Bacteria;Firmicutes;Clostridia;Lachnospirales;Lachnospiraceae;Tyzzerella	212	235	224	157	421	250	245	128	402	126	173	162	273	116	119	0	673	406	251	390	251	1069	850	68	948	223	418	405	167	374	240	87	493	1462	610	398	436	526	811	976	399	536	143	354	256	228	141	0	272	812	518	207	81	574	561	130	334	249	180	218
Bacteria;Proteobacteria;Gammaproteobacteria;Burkholderiales;Other;Other	268	329	57	233	291	204	229	227	253	126	200	237	115	133	235	0	150	177	175	205	143	173	148	87	231	110	242	119	139	116	56	435	328	241	200	215	136	189	403	256	269	343	149	130	100	137	290	5	58	195	176	108	36	18	159	79	58	142	79	44
Bacteria;Firmicutes;Clostridia;Oscillospirales;Oscillospiraceae;Colidextribacter	207	463	63	438	406	287	399	310	137	244	437	460	203	395	259	0	226	500	266	539	314	185	364	245	155	165	336	272	404	199	191	677	283	395	163	383	194	178	558	142	105	258	123	230	122	330	667	36	36	365	125	167	82	105	193	116	45	178	140	104
Bacteria;Firmicutes;Bacilli;Lactobacillales;Aerococcaceae;Other	0	0	95	0	0	0	0	0	0	0	0	0	0	0	0	0	0	0	0	0	0	0	0	0	0	0	0	0	0	0	0	0	0	0	0	0	0	0	0	0	0	1407	0	0	0	0	0	0	1696	49	0	1885	199	0	0	795	1554	0	193	0
Bacteria;Proteobacteria;Alphaproteobacteria;Rhodospirillales;Other;Other	50	7	0	13	166	112	25	367	97	636	22	126	3	0	57	0	58	51	0	32	552	215	12	0	782	59	17	22	56	4	0	604	209	67	2	481	453	340	343	169	170	114	892	298	13	0	99	0	16	1822	29	35	24	25	163	19	0	728	27	0
Bacteria;Firmicutes;Clostridia;Oscillospirales;[Eubacterium] coprostanoligenes group;Other	659	662	431	437	598	381	357	430	607	603	441	450	540	399	551	0	1163	611	432	461	228	758	513	529	471	768	601	647	660	363	1229	734	869	824	476	344	341	322	625	394	557	619	580	622	456	548	225	13	450	998	582	307	78	475	285	512	299	580	267	215
Bacteria;Firmicutes;Clostridia;Monoglobales;Monoglobaceae;Monoglobus	875	985	1252	637	978	885	674	1481	1177	1014	881	701	876	882	939	0	1094	667	947	621	491	1547	790	756	979	1060	989	1330	599	1060	1384	777	1194	1027	1023	692	561	1182	818	1019	1393	1452	1091	1044	890	1009	840	34	932	845	1499	970	206	926	821	1052	898	1204	577	496
Bacteria;Cyanobacteria;Vampirivibrionia;Gastranaerophilales;Other;Other	0	10	8	8	31	0	21	59	61	164	3	133	0	15	5	0	7	69	57	74	1156	105	264	4	271	14	28	3	304	0	24	188	508	11	60	2373	2996	1081	2730	281	157	110	100	976	157	48	44	0	19	243	11	96	159	217	81	5	9	9	66	0
Bacteria;Firmicutes;Clostridia;Oscillospirales;Ruminococcaceae;Incertae Sedis	132	445	128	211	200	132	250	297	247	123	338	298	240	164	198	0	211	363	125	174	209	194	115	207	288	211	427	333	247	276	288	309	261	409	206	146	251	157	150	361	212	542	280	140	190	146	235	3	105	216	219	126	162	120	233	261	372	460	120	112
Bacteria;Firmicutes;Clostridia;Oscillospirales;UCG-010;Other	1262	1637	814	710	968	1599	1293	1973	771	1423	1244	939	775	1571	1262	0	879	320	948	211	251	365	157	1280	747	1169	1022	576	984	494	1157	1457	1154	191	528	685	394	687	267	956	1012	824	570	914	513	1517	1009	34	220	473	859	254	83	71	908	799	533	649	337	444
Bacteria;Firmicutes;Bacilli;Lactobacillales;Carnobacteriaceae;Jeotgalibaca	0	0	126	0	0	0	0	0	0	9	0	0	0	12	0	0	0	0	0	0	0	0	0	0	0	0	0	0	0	24	0	0	0	0	0	0	0	0	0	0	0	1049	0	0	0	0	0	0	292	0	0	0	1906	82	226	1666	1251	0	890	483
Bacteria;Patescibacteria;Saccharimonadia;Saccharimonadales;Saccharimonadaceae;Candidatus Saccharimonas	92	117	23	79	50	84	146	110	342	149	28	70	64	30	172	0	131	311	14	83	133	273	409	90	246	200	41	99	38	76	29	121	156	378	30	85	151	132	364	298	242	68	126	126	115	28	82	0	91	159	55	110	184	915	188	196	62	59	31	36
Bacteria;Actinobacteriota;Coriobacteriia;Coriobacteriales;Atopobiaceae;Other	223	182	315	270	182	212	201	210	387	228	141	114	153	146	466	0	140	404	366	279	364	185	313	131	285	141	115	109	129	155	108	552	368	510	388	233	304	205	600	401	427	103	290	139	186	8	231	0	179	314	182	184	144	1123	168	141	103	124	43	52
Bacteria;Firmicutes;Clostridia;Lachnospirales;Lachnospiraceae;Marvinbryantia	125	292	462	454	450	408	680	1304	275	381	416	126	291	340	137	0	416	346	469	735	835	714	837	1208	432	549	524	475	104	566	797	301	330	152	612	644	655	504	583	339	347	459	296	324	275	167	240	42	178	332	407	677	491	1200	131	194	226	241	49	58
Bacteria;Bacteroidota;Bacteroidia;Bacteroidales;Marinifilaceae;Butyricimonas	132	325	121	176	0	154	199	435	97	164	0	0	129	156	122	0	412	219	119	288	0	306	459	393	384	235	0	60	0	69	348	255	426	332	314	379	0	123	868	702	198	0	56	0	67	386	326	0	63	204	294	167	0	86	651	172	0	36	0	45
Bacteria;Firmicutes;Clostridia;Lachnospirales;Lachnospiraceae;Blautia	393	592	236	258	504	82	148	325	233	147	235	197	63	493	329	0	765	453	203	242	477	323	149	273	263	53	317	585	220	250	426	303	710	367	147	176	208	298	270	236	139	207	409	283	157	53	395	0	534	316	224	185	97	281	140	75	149	247	179	62
Bacteria;Firmicutes;Bacilli;Lactobacillales;Aerococcaceae;Facklamia	0	0	15	0	0	0	0	0	0	0	0	0	0	0	0	0	0	0	0	0	0	0	0	0	0	0	0	0	0	0	0	0	0	0	0	0	0	0	0	0	0	45	0	0	0	0	0	0	691	12	0	625	39	2701	151	21	78	12	849	294
Bacteria;Bacteroidota;Bacteroidia;Other;Other;Other	219	262	28	138	173	0	243	156	3	59	0	0	16	256	94	0	138	175	65	118	87	0	106	116	0	25	0	36	0	11	116	272	350	103	34	198	123	0	158	0	109	0	66	0	0	80	85	4	48	152	21	55	15	33	0	69	0	16	0	0
Bacteria;Firmicutes;Clostridia;Lachnospirales;Lachnospiraceae;Shuttleworthia	32	263	146	154	193	84	109	60	35	35	74	50	89	54	36	0	97	514	178	604	844	161	504	50	39	69	147	210	69	266	57	49	80	569	304	351	545	125	581	48	79	127	164	60	86	57	64	6	56	211	185	237	271	749	17	38	79	243	33	64
Bacteria;Firmicutes;Bacilli;Erysipelotrichales;Erysipelatoclostridiaceae;Candidatus Stoquefichus	46	180	100	48	80	76	116	144	150	69	63	21	37	227	13	0	57	91	74	36	91	140	100	80	114	65	38	0	18	125	83	13	126	88	97	34	59	99	121	86	56	27	8	22	62	26	10	0	50	78	44	31	50	193	64	24	17	22	17	30
Bacteria;Firmicutes;Clostridia;Peptostreptococcales-Tissierellales;Anaerovoracaceae;[Eubacterium] nodatum group	46	38	13	63	45	54	34	51	58	112	0	22	28	47	48	0	137	506	31	117	156	202	236	204	33	127	0	47	31	32	57	157	44	210	29	73	37	29	163	23	43	0	28	40	14	36	176	0	0	10	18	45	26	60	19	33	0	14	12	16
Bacteria;Bacteroidota;Bacteroidia;Bacteroidales;Marinifilaceae;Odoribacter	55	117	25	45	130	51	47	84	57	63	131	145	67	37	52	0	65	93	73	61	114	90	43	73	152	93	100	100	127	49	94	174	64	90	55	82	87	97	137	97	44	98	109	44	59	31	176	14	9	92	31	29	25	8	55	27	47	139	51	16
Bacteria;Firmicutes;Clostridia;Oscillospirales;Ruminococcaceae;Other	412	241	366	481	256	315	166	369	478	378	432	252	351	114	367	0	394	151	340	529	136	546	176	373	212	493	378	170	286	836	237	398	348	110	509	215	147	347	233	262	562	562	122	327	1159	202	497	11	293	116	385	298	60	114	189	284	440	191	81	596
Bacteria;Bacteroidota;Bacteroidia;Bacteroidales;Tannerellaceae;Parabacteroides	0	0	0	0	0	0	540	0	0	0	0	0	0	0	0	0	0	0	17	0	0	0	1812	0	0	0	0	74	0	0	0	0	0	0	0	0	0	0	1276	0	0	0	306	0	0	0	0	0	0	0	2	0	0	445	0	0	0	33	0	0
Bacteria;Firmicutes;Clostridia;Lachnospirales;Lachnospiraceae;[Eubacterium] xylanophilum group	165	215	203	183	266	261	134	240	150	184	450	112	198	180	341	0	43	41	149	104	127	92	51	169	92	141	163	140	102	197	225	324	122	54	166	161	141	179	114	171	216	94	149	33	132	103	208	0	14	48	97	120	28	37	84	101	98	266	10	56
Bacteria;Cyanobacteria;Cyanobacteriia;Chloroplast;Other;Other	0	0	0	12	32	4	73	0	53	11	3	4	51	0	0	0	365	34	49	531	119	198	97	11	10	135	200	206	72	432	14	0	5	217	41	0	14	72	8	20	0	21	8	191	0	0	0	0	0	54	418	0	68	28	0	67	199	65	19	3
Bacteria;Firmicutes;Bacilli;Bacillales;Planococcaceae;Psychrobacillus	0	0	0	0	0	0	0	0	0	0	0	0	0	0	0	0	0	0	0	0	0	0	0	0	0	0	0	0	0	0	0	0	0	0	0	0	0	0	0	0	0	0	0	0	0	0	0	0	211	82	0	20	1737	0	158	128	42	0	1203	2412
Bacteria;Firmicutes;Clostridia;Eubacteriales;Eubacteriaceae;Other	379	735	565	913	460	631	679	613	1355	1051	578	475	506	557	1425	0	219	987	522	459	311	236	408	455	434	658	469	180	480	755	241	1665	551	989	264	458	373	481	800	740	1743	335	497	415	604	11	613	4	275	405	198	404	174	1768	341	696	493	380	48	192
Bacteria;Firmicutes;Clostridia;Lachnospirales;Lachnospiraceae;Coprococcus	0	39	109	95	47	27	12	11	27	0	0	0	38	25	56	0	0	181	58	292	224	52	421	27	33	0	39	32	6	40	18	66	14	493	296	176	262	53	596	60	0	10	16	47	107	24	61	0	0	385	326	141	104	151	36	0	48	56	22	29
Bacteria;Firmicutes;Clostridia;Oscillospirales;Hungateiclostridiaceae;Ruminiclostridium	88	93	47	68	50	70	84	70	26	125	75	71	131	128	140	0	34	32	65	31	8	17	7	65	24	73	75	28	72	68	100	145	100	19	31	81	29	31	15	60	77	37	46	87	56	96	79	0	0	61	22	29	0	0	44	43	34	41	27	35
Bacteria;Actinobacteriota;Coriobacteriia;Coriobacteriales;Coriobacteriales Incertae Sedis;Other	41	57	35	43	44	71	52	64	118	84	63	47	46	30	113	0	23	59	40	46	92	31	41	35	86	47	15	12	35	54	20	163	56	40	33	19	17	8	60	44	82	22	12	9	47	6	156	0	20	10	17	0	15	83	22	12	9	6	5	16
Bacteria;Firmicutes;Clostridia;Lachnospirales;Lachnospiraceae;Lachnoclostridium	34	84	52	15	33	29	27	70	20	40	62	0	47	61	0	0	28	134	21	72	173	46	229	27	45	25	43	26	0	57	43	27	91	338	39	85	170	48	166	55	39	32	23	11	58	107	34	0	19	152	27	35	57	60	22	23	24	38	7	24
Bacteria;Firmicutes;Clostridia;Oscillospirales;Ruminococcaceae;UCG-001	0	0	0	0	34	77	79	0	129	18	0	0	21	54	0	0	0	0	0	19	152	515	207	0	148	62	0	18	0	24	52	0	0	0	0	0	86	228	151	103	49	0	30	0	0	65	0	0	0	0	0	0	191	264	77	73	0	31	0	23
Bacteria;Proteobacteria;Alphaproteobacteria;Rhodobacterales;Rhodobacteraceae;Other	0	0	0	0	0	0	0	0	0	7	0	0	0	0	0	0	0	0	0	0	0	0	0	0	0	0	0	0	0	0	0	0	0	0	0	0	0	0	0	0	0	0	0	0	0	0	0	0	0	0	42	0	438	0	0	1467	13	248	0	72
Bacteria;Firmicutes;Bacilli;Izemoplasmatales;Other;Other	3	147	22	174	0	115	0	19	26	657	64	55	31	0	70	0	0	0	52	30	0	26	0	57	22	356	16	4	26	9	31	499	9	0	16	347	6	5	0	4	50	6	14	31	12	4	50	0	0	0	16	74	0	0	7	8	0	6	8	5
Bacteria;Firmicutes;Clostridia;Lachnospirales;Lachnospiraceae;possible genus Sk018	0	20	0	0	0	0	0	36	0	96	187	0	0	29	67	0	28	0	56	26	29	23	0	105	0	59	245	46	0	72	35	283	0	0	0	0	0	18	0	0	0	170	0	0	0	49	458	0	0	0	0	0	0	0	0	0	55	0	0	0
Bacteria;Actinobacteriota;Coriobacteriia;Coriobacteriales;Eggerthellaceae;Asaccharobacter	0	19	69	20	27	14	54	51	71	0	12	23	18	0	20	0	0	22	28	32	0	42	252	44	100	0	17	32	18	0	0	47	0	45	77	43	55	0	165	118	0	0	58	0	39	0	0	0	14	20	51	22	31	374	44	0	0	13	0	22
Bacteria;Firmicutes;Bacilli;Lactobacillales;Aerococcaceae;Aerosphaera	0	0	0	0	0	0	0	0	0	0	0	0	0	0	0	0	0	0	0	0	0	0	0	0	0	0	0	0	0	0	0	0	0	0	0	0	0	0	0	0	0	47	0	0	0	0	0	0	103	0	0	112	770	40	0	69	101	0	421	344
Bacteria;Firmicutes;Clostridia;Lachnospirales;Lachnospiraceae;Fusicatenibacter	110	57	54	24	20	62	82	91	0	93	90	75	51	48	46	0	127	31	27	0	0	94	37	66	25	47	59	27	22	57	40	41	344	0	72	33	0	315	38	40	133	157	53	63	79	176	67	0	91	31	67	35	0	0	36	85	168	42	33	61
Bacteria;Firmicutes;Clostridia;Oscillospirales;Butyricicoccaceae;UCG-008	8	7	8	31	0	86	12	33	10	60	34	24	14	0	27	0	0	13	26	118	35	213	41	10	19	27	27	36	24	12	0	35	21	0	0	55	52	59	93	16	55	25	43	40	37	0	13	0	0	30	4	54	0	198	19	9	28	51	19	10
Bacteria;Other;Other;Other;Other;Other	203	277	313	412	226	301	307	296	817	318	242	260	394	321	585	0	117	360	293	235	178	142	221	267	356	206	154	185	260	551	259	668	322	323	161	303	134	173	425	499	620	113	324	224	398	150	329	0	158	149	143	205	115	734	240	271	201	237	47	148
Bacteria;Firmicutes;Clostridia;Clostridia vadinBB60 group;Other;Other	655	1736	320	870	1184	1059	821	1703	105	1548	883	1472	279	1448	754	0	124	147	655	150	142	209	99	1289	584	734	235	163	1376	105	1267	5132	976	69	331	1973	586	488	583	573	673	410	132	742	245	1437	1482	36	49	1442	321	320	0	0	853	499	121	518	468	153
Bacteria;Firmicutes;Bacilli;Bacillales;Planococcaceae;Lysinibacillus	0	0	0	20	0	0	1707	0	0	0	0	0	6	0	0	0	0	0	0	0	0	0	0	0	0	0	0	0	0	0	0	0	0	0	0	0	0	0	0	0	0	0	8	0	0	0	0	0	0	20	0	0	35	0	56	0	79	0	0	71
Bacteria;Firmicutes;Bacilli;Lactobacillales;Enterococcaceae;Enterococcus	0	0	0	0	8	23	0	0	0	0	0	0	5	0	0	0	0	0	0	0	0	0	0	0	0	0	0	0	0	0	0	0	0	0	0	0	0	0	0	0	0	26	0	0	0	0	0	0	0	0	0	28	254	0	0	734	1295	0	0	14
Bacteria;Firmicutes;Clostridia;Christensenellales;Christensenellaceae;Other	112	82	31	110	35	85	160	87	150	94	63	116	42	75	119	0	106	131	61	93	45	62	52	119	73	93	74	100	140	70	77	183	61	148	22	61	38	53	40	84	17	49	56	96	22	51	83	0	20	25	19	44	13	15	43	21	14	16	14	31
Bacteria;Actinobacteriota;Coriobacteriia;Coriobacteriales;Eggerthellaceae;Other	136	168	45	33	29	66	105	62	184	84	101	71	133	66	159	0	119	186	35	41	111	54	73	96	141	113	78	14	53	197	161	252	319	180	50	54	56	104	155	154	301	96	98	136	176	32	263	4	94	31	15	24	30	350	52	79	70	23	22	47
Bacteria;Firmicutes;Clostridia;Lachnospirales;Lachnospiraceae;Lachnospiraceae UCG-004	0	0	0	23	33	0	0	0	61	0	0	41	41	0	0	0	0	23	0	104	125	22	131	0	30	0	0	14	25	0	0	0	15	58	0	69	175	34	209	53	0	0	17	16	0	0	0	0	0	42	0	16	60	12	20	13	0	0	22	0
Bacteria;Firmicutes;Clostridia;Oscillospirales;Ruminococcaceae;Angelakisella	0	102	16	40	21	27	37	12	23	18	56	57	22	22	39	0	12	48	20	82	24	60	34	17	30	37	41	28	20	52	39	74	10	55	13	32	19	28	28	35	21	30	13	17	27	74	116	0	0	31	19	28	8	20	19	27	8	31	25	43
Bacteria;Firmicutes;Bacilli;Erysipelotrichales;Erysipelotrichaceae;Holdemania	13	25	12	10	23	9	18	25	20	24	8	36	27	31	20	0	19	56	17	96	88	46	96	22	17	19	5	26	14	18	9	26	14	38	25	67	20	14	76	9	12	0	14	12	0	4	30	0	7	28	6	42	34	49	8	16	5	0	0	7
Bacteria;Firmicutes;Clostridia;Lachnospirales;Defluviitaleaceae;Defluviitaleaceae UCG-011	43	40	16	27	28	34	36	58	61	65	39	50	30	47	54	0	45	54	25	61	64	113	67	5	38	45	39	55	25	32	32	67	44	85	18	60	67	63	80	40	36	22	39	41	28	32	28	3	26	81	15	73	51	38	47	21	24	23	18	17
Bacteria;Proteobacteria;Gammaproteobacteria;Burkholderiales;Oxalobacteraceae;Oxalobacter	24	12	10	10	14	13	16	22	16	10	19	18	4	7	4	0	54	28	0	41	25	61	10	0	26	24	26	17	14	8	15	12	55	37	25	50	11	39	23	39	15	23	12	112	7	25	20	0	10	43	25	20	0	0	21	9	11	23	44	0
Bacteria;Firmicutes;Clostridia;Lachnospirales;Lachnospiraceae;A2	15	13	14	7	20	18	25	25	20	18	0	9	46	39	22	0	37	43	17	26	31	23	0	0	33	16	23	41	15	35	17	29	42	24	49	37	31	15	30	42	27	15	32	17	25	8	34	3	24	18	11	16	0	18	26	0	6	27	10	18
Bacteria;Firmicutes;Bacilli;Bacillales;Bacillaceae;Oceanobacillus	0	0	0	0	0	0	0	0	0	0	0	0	0	0	0	0	0	0	0	0	0	0	0	0	0	0	0	0	0	0	0	0	0	0	0	0	0	0	0	0	0	0	0	0	0	0	0	0	0	35	0	57	119	87	599	0	0	0	387	201
Bacteria;Firmicutes;Clostridia;Oscillospirales;Ruminococcaceae;Paludicola	12	33	0	44	24	0	17	0	0	7	0	0	23	15	0	0	16	85	0	91	46	71	74	0	0	10	0	0	5	0	7	11	33	129	7	64	36	32	130	0	23	0	0	13	15	28	15	0	4	59	0	20	24	24	0	13	0	0	7	6
Bacteria;Firmicutes;Clostridia;Oscillospirales;Butyricicoccaceae;UCG-009	19	27	9	14	15	10	26	8	17	18	16	23	16	17	11	0	21	37	14	28	28	36	29	6	24	13	21	17	17	29	23	13	26	30	22	15	13	24	18	38	20	20	24	47	25	8	17	0	11	10	15	15	0	17	22	14	6	25	14	8
Bacteria;Firmicutes;Bacilli;Paenibacillales;Paenibacillaceae;Paenibacillus	100	0	0	12	0	46	305	0	11	6	0	0	71	0	187	0	0	0	0	0	0	0	0	0	0	0	0	0	0	0	0	0	0	6	3	0	0	0	0	0	0	0	0	0	0	0	0	0	0	5	31	0	103	0	36	34	0	6	24	117
Bacteria;Firmicutes;Clostridia;Peptostreptococcales-Tissierellales;Anaerovoracaceae;Anaerovorax	26	89	20	18	30	24	20	28	43	27	24	27	0	20	26	0	53	51	23	36	62	61	28	18	35	35	33	35	25	43	23	36	38	54	22	41	50	45	25	18	30	45	28	28	26	36	67	0	32	35	21	38	14	20	28	23	22	23	9	15
Bacteria;Firmicutes;Clostridia;Lachnospirales;Lachnospiraceae;Frisingicoccus	12	34	16	12	15	0	22	13	11	0	31	17	18	48	28	0	27	85	22	58	115	70	66	37	30	24	34	28	20	51	77	29	34	66	26	24	54	26	34	17	20	28	0	20	22	45	44	33	12	15	17	31	43	50	0	24	13	0	0	18
Bacteria;Firmicutes;Clostridia;Lachnospirales;Lachnospiraceae;Lachnospiraceae UCG-010	25	46	33	5	14	7	4	28	34	21	0	16	9	10	0	0	54	35	42	104	116	55	107	27	53	33	23	40	25	24	6	24	40	28	56	46	41	51	143	32	39	45	22	26	17	31	16	0	0	23	9	32	25	59	23	31	0	29	16	4
Bacteria;Firmicutes;Clostridia;Lachnospirales;Lachnospiraceae;[Eubacterium] ventriosum group	12	0	16	4	0	0	8	6	17	21	17	17	19	0	0	0	101	32	7	27	31	17	66	9	36	46	42	38	23	51	0	0	83	132	50	28	47	24	65	25	22	57	29	102	27	27	0	0	80	99	57	28	69	110	31	35	53	78	50	41
Bacteria;Firmicutes;Clostridia;Oscillospirales;Other;Other	46	43	25	18	28	44	47	18	68	43	55	40	69	49	23	0	32	37	17	45	44	48	73	16	68	54	62	40	39	35	58	39	62	92	22	58	51	45	72	94	51	50	73	73	39	62	14	0	24	115	20	50	0	0	88	59	3	79	34	18
Bacteria;Firmicutes;Clostridia;Lachnospirales;Lachnospiraceae;Lachnospiraceae ND3007 group	0	17	0	13	17	52	41	97	0	14	0	20	14	63	28	0	18	9	8	10	9	10	16	18	24	33	8	16	12	9	0	58	0	0	14	32	9	24	16	11	0	0	0	15	0	16	30	0	0	12	10	11	0	0	13	12	0	14	9	0
Bacteria;Firmicutes;Clostridia;Oscillospirales;Ruminococcaceae;Candidatus Soleaferrea	6	26	15	31	16	14	9	52	3	9	19	8	24	51	23	0	28	75	5	24	57	36	57	34	18	24	13	22	0	18	65	14	14	47	18	30	21	20	55	21	18	16	11	9	18	75	14	0	8	32	26	21	22	20	8	35	20	20	8	11
Bacteria;Actinobacteriota;Coriobacteriia;Coriobacteriales;Eggerthellaceae;Parvibacter	7	22	7	22	11	20	18	15	36	12	33	8	16	10	43	0	9	38	8	29	19	33	23	12	30	19	14	8	18	9	19	39	61	25	30	11	16	19	28	39	24	19	21	28	27	14	41	0	19	14	9	10	8	81	18	9	9	11	8	11
Bacteria;Firmicutes;Clostridia;Lachnospirales;Lachnospiraceae;Lachnospiraceae UCG-008	11	0	42	45	61	0	13	0	0	27	50	34	12	7	46	0	30	0	74	34	39	8	18	14	0	0	32	0	20	47	0	77	34	0	23	19	42	8	17	0	0	27	0	0	18	0	53	0	28	0	0	35	18	12	0	0	8	0	0	19
Bacteria;Firmicutes;Clostridia;Oscillospirales;Ruminococcaceae;Harryflintia	0	38	22	0	20	0	17	10	16	13	25	23	0	17	0	0	32	45	0	12	29	12	62	22	19	15	16	9	15	12	19	35	16	79	22	21	12	0	51	6	0	13	0	0	0	28	25	0	0	17	0	0	8	24	0	0	0	12	0	0
Bacteria;Firmicutes;Clostridia;Peptostreptococcales-Tissierellales;Anaerovoracaceae;[Eubacterium] brachy group	6	17	16	16	21	0	8	26	26	17	19	9	13	13	16	0	11	27	12	51	40	13	24	36	13	18	5	7	13	19	21	40	24	15	26	25	17	13	23	26	29	8	15	8	21	8	38	0	7	10	14	12	11	59	14	15	5	12	0	14
Bacteria;Proteobacteria;Gammaproteobacteria;Pseudomonadales;Pseudomonadaceae;Pseudomonas	0	0	0	0	0	0	4	0	0	0	0	0	0	0	0	0	0	0	0	0	0	0	0	0	0	7	4	0	0	0	0	0	0	0	0	0	0	0	0	0	8	0	0	0	0	0	0	0	0	0	113	0	293	8	0	625	28	90	0	11
Bacteria;Firmicutes;Other;Other;Other;Other	57	83	50	85	31	77	19	122	34	89	42	187	86	41	122	0	41	35	59	36	7	36	17	104	43	96	37	55	19	57	16	122	25	53	5	27	12	64	15	102	119	60	39	13	51	60	86	4	10	27	34	31	0	53	73	50	26	38	4	4
Bacteria;Firmicutes;Bacilli;Bacillales;Planococcaceae;Caryophanon	0	0	0	0	0	0	0	0	0	0	0	0	0	8	0	0	0	0	0	0	0	0	0	0	0	0	0	0	0	0	0	0	0	0	0	0	0	0	0	0	0	0	0	0	0	0	0	0	0	0	0	0	0	23	0	0	305	0	0	377
Bacteria;Firmicutes;Clostridia;Lachnospirales;Lachnospiraceae;[Ruminococcus] torques group	0	0	0	0	0	0	0	0	0	0	0	0	0	175	0	0	0	150	0	11	50	13	61	0	5	0	0	0	0	0	0	0	0	115	16	6	19	5	57	0	0	0	0	0	0	9	0	0	0	31	12	0	26	83	4	0	0	0	0	0
Bacteria;Firmicutes;Clostridia;Peptostreptococcales-Tissierellales;Anaerovoracaceae;Family XIII AD3011 group	18	59	39	17	53	0	32	51	77	59	21	43	38	48	56	0	42	122	44	54	134	102	34	77	57	53	40	58	43	63	50	107	29	50	46	29	50	34	49	54	50	34	14	25	31	12	81	7	29	16	0	26	11	66	20	17	13	41	0	0
Bacteria;Firmicutes;Clostridia;Oscillospirales;Butyricicoccaceae;Other	8	0	8	0	0	0	4	9	0	5	14	0	3	0	0	0	7	142	9	46	8	0	22	0	0	14	18	0	0	0	5	0	13	167	21	18	13	0	22	0	11	0	7	7	10	4	0	0	0	15	0	0	0	6	0	0	0	0	0	0
Bacteria;Firmicutes;Clostridia;Peptostreptococcales-Tissierellales;Anaerovoracaceae;Family XIII UCG-001	16	47	7	11	35	15	15	30	13	0	33	9	26	18	23	0	27	37	24	25	14	20	17	28	20	30	0	16	23	29	37	73	17	29	14	20	0	19	51	17	20	20	0	17	0	44	63	0	0	9	8	0	0	0	15	14	0	15	0	13
Bacteria;Firmicutes;Clostridia;Lachnospirales;Lachnospiraceae;Lachnospiraceae UCG-001	0	0	0	0	0	0	0	0	0	0	9	0	16	0	0	0	0	60	0	32	6	10	3	0	4	0	16	0	0	0	0	0	0	140	0	39	6	0	24	6	7	13	0	0	12	11	0	0	0	207	0	38	0	25	9	0	0	0	0	11
Bacteria;Firmicutes;Clostridia;Lachnospirales;Lachnospiraceae;[Ruminococcus] gnavus group	0	0	26	0	0	0	0	0	66	0	0	0	0	0	0	0	0	67	0	0	0	0	28	0	78	0	0	0	0	0	0	32	0	85	28	0	0	0	40	55	0	0	0	0	0	0	0	0	0	21	25	0	0	60	0	0	0	0	0	0
Bacteria;Actinobacteriota;Coriobacteriia;Coriobacteriales;Eggerthellaceae;Enterorhabdus	28	14	36	19	0	21	0	15	54	8	9	16	21	15	65	0	16	55	47	30	4	55	30	16	54	0	0	0	21	0	5	88	82	44	42	30	33	37	45	55	71	7	20	12	33	0	79	0	24	9	17	31	0	98	15	0	0	16	0	0
Bacteria;Desulfobacterota;Desulfovibrionia;Desulfovibrionales;Desulfovibrionaceae;Bilophila	0	21	0	8	9	3	5	7	5	0	0	0	3	0	15	0	7	45	6	44	19	20	2	0	0	0	0	7	0	6	5	25	8	32	2	43	24	0	17	0	8	0	0	3	4	10	21	0	0	85	0	16	0	0	0	4	0	0	0	0
Bacteria;Firmicutes;Clostridia;Lachnospirales;Lachnospiraceae;Lachnospiraceae UCG-009	0	0	0	0	0	0	0	0	0	0	0	0	0	0	0	0	0	143	0	0	37	0	9	0	0	0	0	0	0	0	0	0	0	248	0	0	21	0	0	0	0	0	0	0	0	0	0	0	0	59	0	0	0	0	0	0	0	0	0	0
Bacteria;Proteobacteria;Alphaproteobacteria;Rickettsiales;Mitochondria;Other	0	0	0	0	10	0	23	0	11	0	0	0	0	0	0	0	71	0	5	153	17	44	21	0	0	17	34	26	7	62	0	0	0	30	5	0	12	17	0	13	0	5	0	28	0	0	0	0	0	0	61	0	5	0	0	10	45	11	5	0
Bacteria;Firmicutes;Clostridia;Lachnospirales;Lachnospiraceae;[Eubacterium] hallii group	0	0	22	0	0	41	0	9	51	0	0	20	0	25	9	0	0	8	13	4	10	40	6	8	41	4	2	3	21	23	32	20	0	0	23	0	16	36	4	37	0	2	0	8	5	6	0	0	0	0	0	0	0	10	15	0	0	0	5	7
Bacteria;Firmicutes;Clostridia;Oscillospirales;Ruminococcaceae;UBA1819	0	6	0	0	0	0	0	0	9	0	0	0	0	0	0	0	0	40	0	28	42	11	43	0	14	8	0	7	5	0	22	0	0	45	0	13	12	6	48	6	0	0	4	0	0	15	0	0	0	0	0	0	21	45	0	0	0	0	0	0
Bacteria;Firmicutes;Clostridia;Oscillospirales;Oscillospiraceae;UCG-007	18	20	0	19	21	0	20	0	15	15	24	28	0	0	44	0	15	25	0	38	21	13	29	11	0	0	13	23	17	22	23	42	27	17	16	0	7	15	22	0	0	32	19	10	23	14	64	0	12	0	0	12	0	0	0	0	0	10	0	17
Bacteria;Firmicutes;Bacilli;Erysipelotrichales;Erysipelatoclostridiaceae;Other	5	21	9	18	19	0	8	16	8	14	0	42	15	13	9	0	0	46	11	27	20	0	43	0	0	10	0	7	16	2	42	9	0	84	7	25	7	0	76	3	8	8	9	4	10	0	0	0	0	33	7	7	11	107	8	20	9	10	0	4
Bacteria;Firmicutes;Bacilli;Bacillales;Planococcaceae;Paenisporosarcina	0	0	0	0	0	0	0	0	0	0	0	0	0	0	0	0	0	0	0	0	0	0	0	0	0	0	0	0	0	0	0	0	0	0	0	0	0	0	0	0	0	0	0	0	0	0	0	0	0	17	0	0	74	0	39	0	156	0	103	155
Bacteria;Firmicutes;Incertae Sedis;DTU014;Other;Other	15	17	0	8	12	22	13	0	12	9	11	16	0	14	0	0	3	4	0	6	10	8	3	0	8	5	8	0	0	0	0	19	26	0	11	17	10	0	7	10	9	8	13	11	12	10	11	0	0	0	0	0	0	0	7	10	0	0	5	0
Bacteria;Bacteroidota;Bacteroidia;Sphingobacteriales;Sphingobacteriaceae;Sphingobacterium	2	0	0	0	0	0	0	0	0	0	0	0	0	0	0	0	0	0	0	0	0	0	0	0	0	0	0	0	0	0	0	0	0	0	0	0	0	0	0	0	0	0	0	0	0	0	0	0	0	0	0	0	9	0	0	132	0	194	2	0
Bacteria;Proteobacteria;Gammaproteobacteria;Burkholderiales;Comamonadaceae;Other	0	0	0	0	0	0	0	0	0	0	0	0	0	0	0	0	0	0	0	0	0	0	0	0	0	0	0	0	0	0	0	0	0	0	0	0	0	0	0	0	0	0	0	0	0	0	0	0	113	0	0	0	40	0	0	187	119	0	0	0
Bacteria;Firmicutes;Bacilli;Erysipelotrichales;Erysipelatoclostridiaceae;UCG-004	3	0	0	11	8	0	0	9	0	21	0	4	0	30	0	0	0	0	0	0	0	5	0	0	11	24	0	0	0	0	0	12	0	0	6	34	22	34	21	18	34	0	0	10	0	0	15	0	0	69	23	0	0	0	19	51	22	32	0	0
Bacteria;Actinobacteriota;Coriobacteriia;Coriobacteriales;Eggerthellaceae;DNF00809	0	8	0	0	0	0	0	4	22	32	0	0	0	21	18	0	0	10	0	0	13	0	3	0	10	18	0	3	0	0	0	8	0	24	0	0	21	2	0	16	26	0	0	0	0	0	0	0	0	14	0	0	0	23	0	16	0	0	0	0
Bacteria;Firmicutes;Bacilli;Lactobacillales;Carnobacteriaceae;Carnobacterium	0	0	0	0	0	0	0	0	0	0	0	0	0	0	0	0	0	0	0	0	0	0	0	0	0	0	0	0	0	0	0	0	0	0	0	0	0	0	0	0	0	0	0	0	0	0	0	0	18	0	0	19	211	0	0	0	0	0	27	0
Bacteria;Firmicutes;Bacilli;Bacillales;Bacillaceae;Other	0	0	0	0	0	0	0	0	0	0	0	0	0	0	0	0	0	0	0	0	0	0	0	0	0	0	0	0	0	0	0	0	0	0	0	0	0	0	0	0	0	0	0	0	0	0	0	0	0	31	0	10	45	0	159	0	0	0	97	104
Bacteria;Firmicutes;Bacilli;Bacillales;Planococcaceae;Other	0	0	0	0	0	0	0	0	0	0	0	0	0	0	0	0	0	0	0	0	0	0	0	0	0	0	0	0	0	0	0	0	0	0	0	0	0	0	0	0	19	0	0	0	0	0	0	0	0	0	0	0	235	0	79	0	26	0	58	115
Bacteria;Firmicutes;Clostridia;Oscillospirales;Oscillospiraceae;Oscillibacter	4	0	0	0	0	5	4	5	0	8	8	4	0	0	4	0	9	34	4	33	21	0	40	2	15	0	0	10	6	0	5	10	22	34	6	46	65	19	77	13	18	18	11	9	2	16	0	0	8	40	6	20	14	13	14	13	0	8	0	8
Bacteria;Proteobacteria;Gammaproteobacteria;Enterobacterales;Enterobacteriaceae;Klebsiella	0	0	0	0	0	0	0	0	0	0	0	0	0	0	0	0	0	0	0	0	0	0	0	0	0	5	0	0	0	0	0	0	0	0	0	0	0	0	0	0	0	0	0	0	0	0	0	0	0	0	0	0	0	0	0	154	60	0	0	0
Bacteria;Firmicutes;Clostridia;Lachnospirales;Lachnospiraceae;GCA-900066575	0	17	0	36	0	0	0	42	0	0	0	0	0	24	0	0	22	0	0	4	0	0	22	0	11	0	24	0	11	22	0	34	29	0	0	23	0	29	31	10	21	23	0	0	21	0	13	0	0	0	0	22	0	8	0	17	12	16	0	0
Bacteria;Firmicutes;Bacilli;Erysipelotrichales;Erysipelotrichaceae;Dubosiella	0	0	12	2	0	0	3	2	6	0	0	0	0	0	6	0	0	11	23	0	7	0	6	0	0	0	0	0	0	0	0	0	0	8	17	0	9	0	23	5	0	0	0	2	0	0	0	0	0	7	8	7	10	24	4	0	0	0	0	0
Bacteria;Firmicutes;Clostridia;Lachnospirales;Lachnospiraceae;Cuneatibacter	0	0	0	0	0	0	0	0	0	0	0	0	0	0	0	0	0	22	0	8	31	0	46	0	0	0	0	0	0	0	0	0	0	24	0	0	0	0	41	0	0	0	0	0	0	0	0	0	0	18	0	0	0	8	0	0	0	0	0	0
Bacteria;Firmicutes;Bacilli;Bacillales;Bacillaceae;Bacillus	0	0	0	0	0	0	0	0	0	0	0	0	0	0	0	0	0	0	0	0	0	0	0	0	0	0	0	0	0	0	0	0	0	0	0	0	0	0	0	0	0	0	0	0	0	0	0	0	0	82	0	0	143	0	18	0	0	0	53	34
Bacteria;Firmicutes;Clostridia;Lachnospirales;Lachnospiraceae;Lachnospiraceae UCG-006	0	0	0	0	0	0	0	0	0	0	0	0	0	0	0	0	0	21	0	40	21	0	13	0	0	0	0	0	0	13	0	0	0	25	8	23	0	0	56	0	0	0	0	0	0	0	0	0	0	20	0	0	0	42	0	0	0	0	0	0
Bacteria;Firmicutes;Bacilli;Bacillales;Planococcaceae;Sporosarcina	0	0	0	0	0	0	0	0	0	0	0	0	0	0	0	0	0	0	0	0	0	0	0	0	0	0	0	0	0	0	0	0	0	0	0	0	0	0	0	0	0	0	0	0	0	0	0	0	0	0	0	0	8	0	193	0	11	0	85	93
Bacteria;Proteobacteria;Gammaproteobacteria;Burkholderiales;Alcaligenaceae;Pelistega	0	0	0	0	9	10	0	0	34	0	2	15	0	0	0	0	2	0	0	8	4	28	0	0	6	0	0	0	6	0	0	0	5	0	0	6	0	6	0	23	9	0	0	0	0	0	0	0	0	0	0	0	0	0	0	0	0	0	0	0
Bacteria;Firmicutes;Bacilli;Lactobacillales;Carnobacteriaceae;Trichococcus	0	0	0	0	0	0	0	0	0	0	0	0	0	0	0	0	0	0	0	0	0	0	0	0	0	0	0	0	0	0	0	0	0	0	0	0	0	0	0	0	0	0	0	0	0	0	0	0	0	0	0	0	33	0	0	49	91	0	0	0
Bacteria;Desulfobacterota;Desulfovibrionia;Desulfovibrionales;Desulfovibrionaceae;Other	7	0	0	0	0	5	8	6	5	7	0	11	0	0	13	0	4	0	0	0	0	6	0	0	12	0	0	0	5	0	0	30	0	0	0	0	0	4	12	4	0	2	0	0	3	0	23	0	0	0	0	0	0	0	0	0	0	0	0	0
Bacteria;Proteobacteria;Gammaproteobacteria;Burkholderiales;Comamonadaceae;Limnohabitans	0	0	0	0	0	0	0	0	0	0	0	0	0	0	0	0	0	0	0	0	0	0	0	0	0	0	0	0	0	0	0	0	0	0	0	0	0	0	0	0	0	0	0	0	0	0	0	0	0	0	116	0	4	0	0	34	0	6	0	0
Bacteria;Firmicutes;Clostridia;Eubacteriales;Anaerofustaceae;Anaerofustis	0	8	0	0	3	0	0	4	0	0	0	0	0	0	0	0	0	20	0	0	15	6	0	0	7	0	0	0	0	4	4	0	0	18	0	4	8	0	0	0	7	0	4	0	2	0	5	0	0	15	0	7	0	9	0	8	0	0	0	0
Bacteria;Verrucomicrobiota;Verrucomicrobiae;Opitutales;Puniceicoccaceae;Other	0	0	0	0	0	0	11	0	0	0	0	0	0	0	0	0	0	0	7	0	0	0	0	0	0	0	4	0	0	0	12	0	0	0	21	0	0	0	68	0	0	28	0	0	0	6	0	0	0	0	0	0	0	0	0	0	0	0	0	0
Bacteria;Firmicutes;Bacilli;Bacillales;Other;Other	0	0	0	0	0	0	0	0	0	0	0	0	0	0	0	0	0	0	0	0	0	0	0	0	0	0	0	0	0	0	0	0	0	0	0	0	0	0	0	0	0	0	0	0	0	0	0	0	0	0	0	36	152	0	0	0	0	0	0	0
Bacteria;Actinobacteriota;Coriobacteriia;Coriobacteriales;Eggerthellaceae;Enteroscipio	0	0	0	3	0	4	15	5	14	2	9	0	0	0	19	0	13	0	6	0	0	7	15	3	11	8	0	0	0	0	12	41	0	17	6	0	5	11	25	21	14	0	15	0	12	0	36	0	10	0	0	0	0	60	8	6	5	7	0	5
Bacteria;Firmicutes;Clostridia;Oscillospirales;Oscillospiraceae;Oscillospira	0	5	0	0	0	0	0	0	0	0	0	0	0	0	0	0	0	37	0	6	0	4	0	0	0	0	0	8	0	0	0	4	0	25	0	10	0	0	0	0	0	0	0	0	6	7	0	0	0	19	3	0	0	0	4	4	0	6	0	0
Bacteria;Proteobacteria;Alphaproteobacteria;Caulobacterales;Caulobacteraceae;Brevundimonas	0	0	0	0	0	0	0	0	0	0	0	0	0	0	0	0	0	0	0	0	0	0	0	0	0	0	0	0	0	0	0	0	0	0	0	0	0	0	0	0	0	0	0	0	0	0	0	0	0	0	0	0	26	0	0	80	0	76	0	4
Bacteria;Bacteroidota;Bacteroidia;Flavobacteriales;Weeksellaceae;Chryseobacterium	0	0	0	0	0	0	0	0	0	0	0	0	0	0	0	0	0	0	0	0	0	0	0	0	0	0	0	0	0	0	0	0	0	0	0	0	0	0	0	0	0	0	0	0	0	0	0	0	0	0	138	0	0	0	0	0	0	0	0	0
Bacteria;Firmicutes;Clostridia;Lachnospirales;Lachnospiraceae;Tuzzerella	0	0	0	0	0	0	0	0	0	0	0	0	0	0	0	0	0	34	0	0	0	0	13	0	0	0	0	0	0	0	0	0	0	24	10	0	0	0	13	0	0	0	0	6	0	0	0	0	0	14	13	0	0	0	0	0	8	0	0	0
Bacteria;Proteobacteria;Gammaproteobacteria;Enterobacterales;Erwiniaceae;Erwinia	58	0	0	0	0	0	0	0	0	0	0	0	0	0	0	0	7	0	0	0	0	0	0	0	0	0	0	0	0	0	0	0	0	0	0	0	0	0	0	0	0	0	0	0	0	0	0	0	0	0	0	0	23	0	0	46	0	0	0	0
Bacteria;Proteobacteria;Gammaproteobacteria;Enterobacterales;Morganellaceae;Proteus	0	0	0	0	0	0	0	0	0	0	0	0	0	0	0	0	0	0	0	0	0	0	0	0	0	0	0	0	0	0	0	0	0	0	0	0	0	0	0	0	0	0	0	0	0	0	0	0	0	0	0	0	130	0	0	0	0	0	0	0
Bacteria;Actinobacteriota;Coriobacteriia;Coriobacteriales;Coriobacteriales Incertae Sedis;Raoultibacter	4	0	7	0	0	0	0	0	4	0	0	0	0	11	0	0	0	0	0	0	0	15	9	0	0	0	3	0	3	0	34	11	0	0	0	0	0	9	27	0	12	0	0	6	0	24	12	0	0	0	0	0	0	25	0	0	0	0	0	0
Bacteria;Firmicutes;Clostridia;Lachnospirales;Lachnospiraceae;Lachnospiraceae FCS020 group	0	9	0	6	5	0	0	0	0	0	0	0	0	0	0	0	7	4	0	0	0	0	0	0	0	0	8	9	5	22	0	0	14	0	0	0	0	0	0	0	7	0	7	5	0	0	0	0	0	0	0	0	0	0	0	0	0	8	0	0
Bacteria;Firmicutes;Clostridia;Lachnospirales;Lachnospiraceae;Lachnospiraceae NC2004 group	0	0	0	0	0	0	0	59	0	0	0	0	80	0	0	0	0	0	14	0	0	0	0	0	0	0	0	0	0	0	0	0	0	0	0	0	0	0	0	0	131	0	0	0	0	0	0	0	0	0	0	0	0	0	0	0	0	0	0	151
Bacteria;Firmicutes;Clostridia;Lachnospirales;Lachnospiraceae;CHKCI001	4	9	0	0	0	0	0	5	0	5	0	0	0	0	0	0	8	0	8	0	0	8	0	0	0	5	0	0	0	0	8	0	5	8	0	0	0	0	0	5	6	0	3	0	4	0	8	0	0	0	0	0	0	0	0	6	0	4	3	0
Bacteria;Firmicutes;Clostridia;Oscillospirales;Ruminococcaceae;CAG-352	0	0	0	0	0	14	15	0	3	0	0	0	9	5	0	0	0	0	0	0	9	0	0	0	0	0	0	0	0	0	0	0	0	10	0	0	0	13	18	19	0	0	0	0	8	0	0	0	0	0	0	0	0	0	0	0	0	0	0	0
Bacteria;Firmicutes;Clostridia;Oscillospirales;Ruminococcaceae;Fournierella	0	0	0	0	0	0	0	0	0	0	0	0	3	0	0	0	0	3	0	0	0	0	38	5	0	0	0	0	0	0	0	0	0	7	0	0	0	0	23	0	0	0	0	0	0	0	0	0	0	0	0	0	0	36	0	0	0	0	0	0
Bacteria;Verrucomicrobiota;Lentisphaeria;Victivallales;Victivallaceae;Victivallis	0	0	0	0	0	0	0	54	0	0	0	0	0	0	0	0	0	0	2	0	0	0	0	4	0	0	0	7	0	0	0	0	0	0	6	0	0	0	0	0	0	3	7	0	0	0	0	0	0	0	0	0	0	0	0	0	0	0	0	0
Bacteria;Actinobacteriota;Actinobacteria;Micrococcales;Micrococcaceae;Pseudarthrobacter	0	0	0	0	0	0	0	0	0	0	2	0	0	0	0	33	0	0	0	0	0	0	0	0	0	0	0	0	0	0	0	0	0	0	0	0	0	0	0	0	0	0	0	0	0	0	0	9	0	0	0	0	0	0	0	0	0	0	0	0
Bacteria;Firmicutes;Clostridia;Peptostreptococcales-Tissierellales;Anaerovoracaceae;Other	0	12	0	0	0	0	0	8	0	0	0	0	0	0	12	0	0	0	0	0	5	0	0	0	0	0	7	0	0	0	0	11	0	0	5	0	0	0	0	0	0	8	0	0	0	0	0	0	0	6	0	7	0	0	0	0	0	0	0	0
Bacteria;Firmicutes;Clostridia;Oscillospirales;Ruminococcaceae;Anaerotruncus	0	0	0	0	0	0	0	0	0	0	0	0	0	0	0	0	0	27	0	0	22	0	0	0	0	0	0	0	0	0	0	0	0	13	0	0	0	0	13	0	0	0	0	0	0	0	0	0	0	5	0	0	0	0	0	0	0	0	0	0
Bacteria;Firmicutes;Clostridia;Lachnospirales;Lachnospiraceae;GCA-900066755	0	0	0	0	0	0	0	0	0	0	0	0	0	0	0	0	0	7	0	0	11	0	0	0	0	0	0	0	0	0	0	0	0	0	0	0	0	0	25	0	0	0	0	0	0	0	0	0	0	11	0	0	12	13	0	0	0	0	0	0
Bacteria;Firmicutes;Clostridia;Oscillospirales;Hydrogenoanaerobacterium;Other	2	10	2	0	0	0	0	0	4	0	0	0	0	0	0	0	0	0	0	0	7	0	6	0	0	0	8	0	0	2	4	0	0	0	0	0	0	5	11	0	0	9	0	0	0	5	7	0	0	0	0	4	0	0	5	0	3	0	0	0
Bacteria;Firmicutes;Clostridia;Oscillospirales;Oscillospiraceae;UCG-002	0	0	0	0	0	0	7	0	0	0	0	0	0	3	0	0	0	0	0	8	0	5	8	0	0	0	0	6	0	0	0	0	0	0	0	0	0	0	4	5	5	0	0	0	0	5	0	0	0	0	0	0	0	6	0	12	0	0	0	0
Bacteria;Firmicutes;Bacilli;Other;Other;Other	0	11	9	0	0	0	0	0	0	0	0	0	0	0	0	0	0	0	4	0	0	0	0	0	0	0	2	0	0	0	0	0	0	0	0	0	0	0	0	4	0	0	0	0	43	0	0	0	0	0	16	0	0	41	4	0	0	0	0	0
Bacteria;Firmicutes;Clostridia;Oscillospirales;[Clostridium] methylpentosum group;Other	19	0	0	0	0	0	0	0	0	0	0	0	0	0	0	0	0	0	16	0	0	0	0	0	0	0	0	0	0	0	0	0	10	0	0	0	0	13	0	0	0	0	0	0	0	0	0	0	0	0	0	0	0	0	0	0	0	0	0	0
Bacteria;Firmicutes;Clostridia;Lachnospirales;Lachnospiraceae;Dorea	0	0	0	0	0	0	0	0	0	0	0	0	0	0	0	0	0	7	0	0	0	0	10	0	0	0	0	0	0	0	0	0	0	0	0	0	0	0	19	0	0	0	0	0	0	0	0	0	0	0	0	0	0	20	0	0	0	0	0	0
Bacteria;Firmicutes;Clostridia;Oscillospirales;Ruminococcaceae;Anaerofilum	0	0	0	0	5	0	0	0	0	0	0	0	0	0	0	0	0	0	0	0	14	0	0	0	0	0	0	0	0	0	0	4	0	0	0	0	4	0	18	0	0	0	0	0	0	0	0	0	0	0	0	0	5	0	0	0	0	0	0	0
Bacteria;Firmicutes;Bacilli;Staphylococcales;Staphylococcaceae;Other	0	0	0	0	0	0	0	0	0	0	0	0	0	0	0	0	0	0	0	0	0	0	0	0	0	0	0	0	0	0	0	0	0	0	0	0	0	0	0	0	0	0	0	0	0	0	0	0	0	0	0	0	0	46	0	0	0	0	0	0
Bacteria;Firmicutes;Clostridia;Oscillospirales;Ruminococcaceae;Pygmaiobacter	0	0	0	0	0	0	0	0	0	0	0	0	0	0	0	0	0	0	0	0	12	0	0	0	0	0	0	0	0	0	0	0	0	0	0	0	10	0	0	0	0	0	0	0	0	0	0	0	0	0	0	5	14	0	0	0	0	0	0	0
Bacteria;Firmicutes;Bacilli;Lactobacillales;Carnobacteriaceae;Isobaculum	0	0	0	0	0	0	0	0	0	0	0	0	0	0	0	0	0	0	0	0	0	0	0	0	0	0	0	0	0	0	0	0	0	0	0	0	0	0	0	0	0	0	0	0	0	0	0	0	0	0	0	0	0	0	0	0	38	0	0	0
Bacteria;Firmicutes;Bacilli;Erysipelotrichales;Erysipelotrichaceae;[Clostridium] innocuum group	0	0	0	0	0	0	0	0	7	0	0	0	0	0	0	0	0	0	8	4	6	8	0	0	0	0	0	0	0	0	0	0	0	0	0	0	0	0	0	0	0	0	0	0	0	0	0	0	0	0	0	4	0	0	0	0	0	0	0	0
Bacteria;Firmicutes;Bacilli;Erysipelotrichales;Erysipelatoclostridiaceae;Erysipelatoclostridium	0	0	0	0	3	0	0	9	0	0	0	0	0	0	0	0	0	0	0	0	0	0	0	12	0	0	0	7	0	0	0	0	0	0	0	0	0	0	0	0	0	0	0	0	0	0	0	0	0	0	0	0	0	0	0	0	0	4	0	0
Bacteria;Firmicutes;Clostridia;Lachnospirales;Lachnospiraceae;Anaerostipes	0	0	0	0	0	0	0	0	0	0	0	0	0	0	0	0	0	0	0	0	0	0	0	0	0	0	0	0	0	0	0	0	0	0	0	0	0	0	0	0	0	0	0	0	0	0	0	0	0	0	0	0	0	0	0	35	0	0	0	0
Bacteria;Firmicutes;Bacilli;Bacillales;Bacillaceae;Ureibacillus	0	0	0	0	0	0	0	0	17	0	5	0	0	0	0	0	0	0	0	0	0	0	0	0	3	0	0	0	0	0	0	0	0	0	0	0	0	0	0	17	0	14	0	0	0	0	0	0	0	0	0	0	0	0	0	0	0	0	0	0
Bacteria;Firmicutes;Clostridia;Oscillospirales;Ethanoligenenaceae;Other	0	0	0	0	0	0	0	0	0	0	0	0	0	0	0	0	0	0	0	0	5	0	0	0	0	0	0	0	0	0	0	0	0	0	0	11	0	0	13	0	0	0	0	0	0	0	0	0	0	0	0	0	0	0	5	0	0	0	0	0
Bacteria;Firmicutes;Bacilli;Acholeplasmatales;Acholeplasmataceae;Anaeroplasma	0	0	0	0	0	11	0	0	0	0	0	0	0	0	0	0	0	0	3	0	0	0	0	0	0	0	0	0	0	0	0	0	0	0	0	0	0	13	0	0	0	0	0	0	0	0	0	0	0	3	0	0	0	0	0	0	0	0	0	0
Bacteria;Firmicutes;Clostridia;Clostridiales;Other;Other	0	0	0	0	0	0	0	0	0	0	0	0	0	0	0	0	0	0	0	0	0	0	0	0	5	0	0	0	0	0	0	5	2	0	2	0	3	4	0	0	0	0	0	0	0	2	0	0	0	0	4	0	0	0	0	0	0	0	0	3
Bacteria;Firmicutes;Bacilli;Acholeplasmatales;Acholeplasmataceae;Other	0	0	0	0	0	0	0	0	0	0	0	6	2	17	0	0	0	0	0	0	0	0	0	0	0	0	0	0	0	0	0	0	0	0	0	0	0	0	2	0	0	0	2	0	0	0	0	0	0	0	0	0	0	0	0	0	0	0	0	0
Bacteria;Firmicutes;Clostridia;Lachnospirales;Lachnospiraceae;[Eubacterium] fissicatena group	0	0	0	0	0	0	0	0	0	0	0	0	0	0	0	0	0	17	0	0	0	0	0	0	0	0	0	0	0	0	0	0	0	28	0	0	0	0	0	0	0	0	0	0	0	0	0	0	0	0	0	0	0	0	0	0	0	0	0	0
Bacteria;Firmicutes;Syntrophomonadia;Syntrophomonadales;Syntrophomonadaceae;Other	0	0	0	0	3	0	0	0	2	0	0	0	0	0	0	0	0	2	3	0	3	0	0	0	0	0	0	0	0	0	0	8	0	0	0	0	0	0	0	0	0	0	0	0	0	0	5	0	0	0	0	0	0	0	0	0	0	0	0	0
Bacteria;Firmicutes;Clostridia;Lachnospirales;Lachnospiraceae;Acetatifactor	0	8	0	0	0	0	0	0	0	0	0	0	0	0	11	0	0	0	0	0	0	0	0	0	0	0	0	0	0	0	0	0	0	0	0	25	0	0	0	0	0	0	0	0	0	0	14	0	0	0	0	0	0	0	0	0	0	0	0	0
Bacteria;Firmicutes;Bacilli;Lactobacillales;Carnobacteriaceae;Desemzia	0	0	0	0	0	0	0	0	0	0	0	0	0	0	0	0	0	0	0	0	0	0	0	0	0	0	0	0	0	0	0	0	0	0	0	0	0	0	0	0	0	0	0	0	0	0	0	0	0	0	0	25	0	0	0	0	0	0	0	0
Bacteria;Firmicutes;Clostridia;Oscillospirales;Ruminococcaceae;Negativibacillus	0	0	0	0	0	0	0	0	0	5	0	0	0	0	0	0	0	0	0	0	0	0	0	0	0	0	0	0	0	0	0	0	0	0	0	0	0	0	0	0	0	0	0	0	0	0	0	0	0	0	0	0	0	0	0	12	0	5	0	0
Bacteria;Firmicutes;Bacilli;Lactobacillales;Carnobacteriaceae;Other	0	0	0	0	0	0	0	0	0	0	0	0	0	0	0	0	0	0	0	0	0	0	0	0	0	0	0	0	0	0	0	0	0	0	0	0	0	0	0	0	0	0	0	0	0	0	0	0	0	0	0	0	0	0	0	20	0	0	0	0
Bacteria;Proteobacteria;Gammaproteobacteria;Xanthomonadales;Xanthomonadaceae;Stenotrophomonas	0	0	0	0	0	0	0	0	0	0	0	0	0	0	0	0	0	0	0	0	0	0	0	0	0	0	0	0	0	0	0	0	0	0	0	0	0	0	0	0	0	0	0	0	0	0	0	0	0	0	0	0	14	0	0	4	0	0	0	0
Bacteria;Firmicutes;Bacilli;Bacillales;Bacillaceae;Ornithinibacillus	0	0	0	0	0	0	0	0	0	0	0	0	0	0	0	0	0	0	0	0	0	0	0	0	0	0	0	0	0	0	0	0	0	0	0	0	0	0	0	0	0	0	0	0	0	0	0	0	0	0	0	0	0	0	10	0	0	0	8	0
Bacteria;Bacteroidota;Bacteroidia;Flavobacteriales;Flavobacteriaceae;Flavobacterium	0	0	0	0	0	0	0	0	0	0	0	0	0	0	0	0	0	0	0	0	0	0	0	0	0	0	0	0	0	0	0	0	0	0	0	0	0	0	0	0	0	0	0	0	0	0	0	0	0	0	0	0	0	0	0	0	0	16	0	0
Bacteria;Firmicutes;Limnochordia;MBA03;Other;Other	0	0	0	0	0	0	0	0	3	0	0	0	0	0	0	0	0	0	0	0	0	0	0	0	0	0	0	0	0	0	0	0	0	0	0	0	0	0	0	2	0	0	9	0	0	0	0	0	0	0	0	0	0	0	0	0	0	0	0	0
Bacteria;Actinobacteriota;Actinobacteria;Micrococcales;Micrococcaceae;Glutamicibacter	0	0	0	0	0	0	0	0	0	0	0	0	0	0	0	0	0	0	0	0	0	0	0	0	0	0	0	0	0	0	0	0	0	0	0	0	0	0	0	0	0	0	0	0	0	0	0	0	0	0	0	0	0	0	0	0	0	0	0	12
Bacteria;Firmicutes;Clostridia;Lachnospirales;Other;Other	0	0	0	0	0	11	0	0	0	0	0	0	0	0	0	0	0	0	0	0	0	0	0	0	0	0	0	0	0	0	0	0	0	0	0	0	0	0	0	0	0	0	0	0	0	0	0	0	0	0	0	0	0	0	0	0	0	0	0	0
Bacteria;Firmicutes;Clostridia;Clostridiales;Clostridiaceae;Candidatus Arthromitus	0	0	0	0	0	0	0	0	0	0	0	0	0	0	0	0	0	0	0	0	3	0	0	0	0	0	0	0	0	0	0	0	0	0	0	0	0	0	0	0	0	0	0	8	0	0	0	0	0	0	0	0	0	0	0	0	0	0	0	0
Bacteria;Firmicutes;Clostridia;Lachnospirales;Lachnospiraceae;Butyrivibrio	0	0	0	0	0	0	0	0	0	0	4	0	0	0	0	0	0	0	0	0	0	0	0	0	0	0	0	0	0	0	0	0	0	0	0	0	0	0	0	0	0	0	0	0	0	0	0	0	0	0	0	0	0	0	0	0	6	0	0	0
Bacteria;Firmicutes;Desulfotomaculia;Desulfotomaculales;Desulfurisporaceae;Desulfurispora	0	0	0	0	0	0	0	0	0	4	0	0	0	0	0	0	0	0	0	0	0	0	0	0	0	4	0	0	0	0	0	0	0	0	0	0	0	0	0	0	2	0	0	0	0	0	0	0	0	0	0	0	0	0	0	0	0	0	0	0
Bacteria;Firmicutes;Bacilli;Lactobacillales;Streptococcaceae;Streptococcus	0	0	0	0	0	0	0	0	0	0	0	0	0	0	0	0	0	0	0	0	0	4	0	4	0	0	0	0	0	0	0	2	0	4	0	0	0	0	0	0	0	0	0	0	0	0	0	0	0	0	0	0	0	0	0	0	0	0	0	0
Bacteria;Proteobacteria;Alphaproteobacteria;Rhizobiales;Rhizobiaceae;Allorhizobium-Neorhizobium-Pararhizobium-Rhizobium	0	0	0	0	0	0	0	0	0	0	0	0	0	0	0	0	0	0	0	0	0	0	0	0	0	0	0	0	0	0	0	0	0	0	0	0	0	0	0	0	0	0	0	0	0	0	0	0	0	0	0	0	9	0	0	0	0	0	0	0
Bacteria;Firmicutes;Bacilli;Bacillales;Bacillaceae;Gracilibacillus	0	0	0	0	0	0	0	0	0	0	0	0	0	0	0	0	0	0	0	0	0	0	0	0	0	0	0	0	0	0	0	0	0	0	0	0	0	0	0	0	0	0	0	0	0	0	0	0	0	0	0	0	0	0	0	0	0	0	9	0
Bacteria;Proteobacteria;Gammaproteobacteria;Enterobacterales;Other;Other	0	0	0	0	0	0	0	0	0	0	0	0	0	0	0	0	0	0	0	0	0	0	0	8	0	0	0	0	0	0	0	0	0	0	0	0	0	0	0	0	0	0	0	0	0	0	0	0	0	0	0	0	0	0	0	0	0	0	0	0
Bacteria;Proteobacteria;Alphaproteobacteria;Rhizobiales;Xanthobacteraceae;Bradyrhizobium	0	0	0	0	0	0	0	0	0	0	0	0	0	0	0	0	0	0	0	0	0	0	0	0	0	0	0	0	0	0	0	0	0	0	0	0	0	0	0	0	0	0	0	0	0	0	0	8	0	0	0	0	0	0	0	0	0	0	0	0
Bacteria;Actinobacteriota;Actinobacteria;Micrococcales;Microbacteriaceae;Curtobacterium	0	0	0	0	0	0	0	0	0	0	3	0	0	0	2	0	0	0	0	0	0	2	0	0	0	0	0	0	0	0	0	0	0	0	0	0	0	0	0	0	0	0	0	0	0	0	0	0	0	0	0	0	0	0	0	0	0	0	0	0
Bacteria;Bacteroidota;Bacteroidia;Cytophagales;Hymenobacteraceae;Hymenobacter	0	0	0	0	0	0	0	0	0	0	0	0	0	0	0	0	0	0	0	0	0	0	0	0	0	0	0	0	0	0	0	0	0	0	0	0	0	0	0	0	0	0	0	0	0	0	0	0	0	0	0	0	0	0	0	0	0	0	0	0
Bacteria;Firmicutes;Negativicutes;Acidaminococcales;Acidaminococcaceae;Phascolarctobacterium	0	0	0	0	0	0	6	0	0	0	0	0	0	0	0	0	0	0	0	0	0	0	0	0	0	0	0	0	0	0	0	0	0	0	0	0	0	0	0	0	0	0	0	0	0	0	0	0	0	0	0	0	0	0	0	0	0	0	0	0
Bacteria;Actinobacteriota;Actinobacteria;Micrococcales;Microbacteriaceae;Plantibacter	0	0	0	0	0	0	0	0	6	0	0	0	0	0	0	0	0	0	0	0	0	0	0	0	0	0	0	0	0	0	0	0	0	0	0	0	0	0	0	0	0	0	0	0	0	0	0	0	0	0	0	0	0	0	0	0	0	0	0	0
Bacteria;Firmicutes;Bacilli;Bacillales;Bacillaceae;Falsibacillus	0	0	0	0	0	0	0	0	0	0	0	0	0	0	0	0	0	0	0	0	0	0	0	0	0	0	0	0	0	0	0	0	0	0	0	0	0	0	0	6	0	0	0	0	0	0	0	0	0	0	0	0	0	0	0	0	0	0	0	0
Bacteria;Firmicutes;Bacilli;Bacillales;Planococcaceae;Filibacter	0	0	0	0	0	0	0	0	0	0	0	0	0	0	0	0	0	0	0	0	0	0	0	0	0	0	0	0	0	0	0	0	0	0	0	0	0	0	0	0	0	0	0	0	0	0	0	0	0	0	0	0	0	0	0	0	0	0	0	6
Bacteria;Proteobacteria;Gammaproteobacteria;Pseudomonadales;Other;Other	0	0	0	0	0	0	0	0	0	0	0	0	0	0	0	0	0	0	0	0	0	0	0	0	0	0	0	0	0	0	0	0	0	0	0	0	0	0	0	0	0	0	0	0	0	0	0	0	0	0	0	5	0	0	0	0	0	0	0	0
Bacteria;Actinobacteriota;Actinobacteria;Micrococcales;Microbacteriaceae;Leucobacter	0	0	0	0	0	0	0	0	0	0	0	0	0	0	0	0	0	0	0	0	0	0	0	0	0	0	0	0	0	0	2	0	0	0	0	0	0	0	0	0	0	0	0	0	0	0	0	0	0	0	0	0	0	5	0	0	0	0	0	0
Bacteria;Actinobacteriota;Coriobacteriia;Coriobacteriales;Eggerthellaceae;Gordonibacter	0	0	0	0	0	0	0	0	0	0	0	0	0	0	0	0	0	4	0	0	0	0	0	0	0	0	0	0	0	0	0	0	0	0	0	0	0	0	0	0	0	0	0	0	0	0	0	0	0	0	0	0	0	0	0	0	0	0	0	0
Bacteria;Firmicutes;Bacilli;Exiguobacterales;Exiguobacteraceae;Exiguobacterium	0	0	0	0	0	0	0	0	0	0	0	0	0	0	0	0	0	0	0	0	0	0	0	0	0	4	0	0	0	0	0	0	0	0	0	0	0	0	0	0	0	0	0	0	0	0	0	0	0	0	0	0	0	0	0	0	0	0	0	0
Bacteria;Firmicutes;Limnochordia;Hydrogenispora;Other;Other	0	0	0	0	0	0	0	0	0	0	0	0	0	0	0	0	0	0	0	0	0	0	0	0	0	0	0	0	0	0	0	0	0	0	0	0	0	0	0	0	0	0	4	0	0	0	0	0	0	0	0	0	0	0	0	0	0	0	0	0
Bacteria;Firmicutes;Clostridia;Oscillospirales;Butyricicoccaceae;Butyricicoccus	0	0	0	0	0	0	0	0	0	0	0	0	0	0	0	0	0	0	0	0	0	0	0	0	0	0	0	0	0	0	0	0	0	0	0	0	0	0	4	0	0	0	0	0	0	0	0	0	0	0	0	0	0	0	0	0	0	0	0	0
Bacteria;Firmicutes;Clostridia;Oscillospirales;Hungateiclostridiaceae;Other	0	0	0	0	0	0	0	0	0	0	0	0	0	0	0	0	0	0	0	0	0	0	0	0	0	0	0	0	0	0	0	0	0	0	0	0	0	0	0	0	3	0	0	0	0	0	4	0	0	0	0	0	0	0	0	0	0	0	0	0
Bacteria;Bacteroidota;Bacteroidia;Flavobacteriales;Weeksellaceae;Empedobacter	0	0	0	0	0	0	0	0	0	0	0	0	0	0	0	0	0	0	0	0	0	0	0	0	0	0	0	0	0	0	0	0	0	0	0	0	0	0	0	0	0	0	0	0	0	0	0	0	0	0	4	0	0	0	0	0	0	0	0	0
Bacteria;Proteobacteria;Alphaproteobacteria;Rhizobiales;Rhizobiaceae;Neorhizobium	0	0	0	0	0	0	0	0	0	0	0	0	0	0	0	0	0	0	0	0	0	3	0	0	0	0	0	0	0	0	0	0	0	0	0	0	0	0	0	0	0	0	0	0	0	0	0	0	0	0	0	0	0	0	0	0	0	0	0	0
Bacteria;Firmicutes;Bacilli;Erysipelotrichales;Erysipelotrichaceae;Turicibacter	0	0	0	0	0	0	0	0	0	0	0	0	0	0	0	0	0	0	0	0	0	0	0	0	0	0	0	0	0	0	0	0	0	0	0	0	0	0	3	0	0	0	0	0	0	0	0	0	0	0	0	0	0	0	0	0	0	0	0	0
Bacteria;Firmicutes;Clostridia;Lachnospirales;Lachnospiraceae;Anaerocolumna	0	0	0	0	0	0	0	0	0	0	0	0	0	0	0	0	0	0	0	0	0	0	0	0	0	0	0	0	0	0	0	0	0	0	0	0	0	0	0	3	0	0	0	0	0	0	0	0	0	0	0	0	0	0	0	0	0	0	0	0
Bacteria;Firmicutes;Clostridia;Clostridiales;Clostridiaceae;Sarcina	0	0	0	0	0	0	0	0	0	0	0	0	0	0	0	0	0	0	0	0	0	0	0	0	0	0	0	0	0	0	0	0	0	0	0	0	0	0	0	0	0	0	0	0	0	3	0	0	0	0	0	0	0	0	0	0	0	0	0	0
Bacteria;Actinobacteriota;Actinobacteria;Micrococcales;Dermabacteraceae;Brachybacterium	0	0	0	0	0	0	0	0	0	0	0	0	0	0	0	0	2	0	0	0	0	0	0	0	0	0	0	0	0	0	0	0	0	0	0	0	0	0	0	0	0	0	0	0	0	0	0	0	0	0	0	0	0	0	0	0	0	0	0	0
Bacteria;Proteobacteria;Gammaproteobacteria;Burkholderiales;Neisseriaceae;Conchiformibius	0	0	0	0	0	0	0	0	0	0	0	0	0	0	0	0	0	2	0	0	0	0	0	0	0	0	0	0	0	0	0	0	0	0	0	0	0	0	0	0	0	0	0	0	0	0	0	0	0	0	0	0	0	0	0	0	0	0	0	0
Bacteria;Actinobacteriota;Actinobacteria;Micrococcales;Bogoriellaceae;Georgenia	0	0	0	0	0	0	0	0	0	0	0	0	0	0	0	0	0	0	0	0	0	0	0	0	0	0	0	0	0	0	0	0	0	0	0	0	0	0	2	0	0	0	0	0	0	0	0	0	0	0	0	0	0	0	0	0	0	0	0	0
Bacteria;Actinobacteriota;Coriobacteriia;Coriobacteriales;Other;Other	0	0	0	0	0	0	0	0	0	0	0	0	0	0	0	0	0	0	0	0	0	0	0	0	0	0	0	0	0	0	0	0	0	0	0	0	0	0	0	0	0	0	0	0	0	0	0	0	0	0	0	0	0	0	0	0	0	0	0	0
