ID	Control.1	Control.2	Control.3	Control.4	Model1.10	Model1.7	Model1.8	Model1.9	Model2.1	Model2.2	Model2.3	Model2.4
Trim30a	2.73775623704698	3.11962574350624	3.26334327022278	3.32333912998301	8.11887830852524	8.07790450135637	8.12137828457919	8.59606819896308	4.86564634606634	4.93380480220926	4.62851154165075	4.85494055704977
Irf7	2.32088237669167	2.80761097549687	3.25146076065084	3.0598332668085	8.54396317034089	8.36318277500622	7.99352339740827	8.49686580765403	4.38830655562438	4.89529473352428	4.56243080823796	4.26402629839081
Uba7	1.4822386220888	1.66704851787672	1.6524466014038	1.73365510844699	5.56806734741417	5.68039203059197	5.70539920046873	6.03511675480658	2.3317146502953	2.74003176410331	2.34971406797343	2.38076703480048
H2-K1	5.57936435844306	5.79642813629194	6.18679853543103	5.85302363811429	11.2373403139936	10.7753197560829	10.5743929055187	11.3549775519866	7.60048007979304	8.0367623031465	7.70743121324971	7.9768835552347
Rtp4	2.55517816911343	3.21946221317187	3.13987000182507	3.22363509649615	8.03870283308389	7.63593170325784	7.87185835872251	8.14990575928576	5.31502018393109	5.4850408149777	5.22342685858403	4.80361300188948
Gbp7	3.34970694606331	3.89911226979397	4.11441883406575	3.69310504509114	7.9315675680316	8.40494653789401	8.23471183210762	8.74654840608718	5.00180538980425	4.99173798357673	4.78350769610984	4.76284899703628
Parp10	1.06281288152282	1.40154193189221	1.37425321717796	1.93621396210767	6.27604574173943	5.77033279002367	6.02688935980369	6.07268385712526	2.19852497577449	2.75922059055754	2.34971406797343	2.17244982054842
Ifih1	2.48879605812856	2.5471205219753	1.97499614856001	2.68191828252346	6.60187619843613	6.68984098638647	6.60066826345245	7.20396775834283	3.44349727395993	3.61199426538669	3.38029382134201	3.13540500356415
Fcgr4	-0.75813268298096	0.175545514882023	0.575006842686873	0.65179253631531	6.22603050321007	5.83428987256958	5.56633292021174	5.91428340924821	1.79919547390933	2.09275126892933	1.37132288063878	1.7734052228302
Lgals3bp	3.9687135921351	4.40238558392873	4.59060548795462	4.47844150281464	9.10257341935568	8.77130473085223	8.44099788280314	8.86806946762904	6.46146045406948	6.70176588499184	6.8318753488287	6.66468314147038
Oasl2	1.97788409389315	2.94728874753182	3.29841463760385	2.97038532977212	8.22013816491089	8.32152693430678	8.38619705059298	8.56525108120567	5.05093291913747	5.46180314012387	5.12308493777656	4.81960147391674
Herc6	3.71169208959985	3.93312073564144	4.10784360441363	3.68375533614422	7.16790349877249	7.57086204198254	7.36728240640946	7.76228853905595	4.6740665550182	4.61365449394298	4.15345396112607	4.31567190259933
Irgm1	2.57664370428728	2.94728874753182	3.37707713483451	3.23648148664876	8.33076268122368	7.92963321187681	7.31831041093966	8.07951477425794	4.16849224209076	4.2899926978314	4.01537687634301	3.97378921118395
Ifi27l2a	2.57664370428728	3.5613853233285	3.33265362813817	2.87502284321848	8.54154866090256	8.45819999716218	7.82527395584295	8.55170996596189	5.29340788676204	4.93380480220926	4.93742700284582	4.88184026121844
Parp12	3.13500564750325	2.99636783665324	2.79164436485849	2.60475483746767	6.32870020850423	6.08908242787467	6.53426851715094	6.6131905963055	4.08918235609892	4.12228034952233	4.04793857890215	4.12297649954402
Dtx3l	2.26908477415643	2.5471205219753	2.80796203145696	2.79043691598434	6.70306816196053	6.30007857823428	6.66922729387785	6.88586598005425	3.29914604782315	3.97412981992025	3.56261966932659	3.84691816140288
H2-D1	5.73542601066902	5.77079795949045	6.20076901211878	5.99586270334876	10.3358405068709	10.0516440548187	9.69103207923266	10.4230331751238	7.55749531445735	8.00747238375528	7.91364141106695	7.91544305504607
C4b	3.78728713765664	3.92469348071545	3.81674568840632	4.22489731737336	8.02759727278421	7.64352482199424	7.77948651439277	7.64419262333757	6.62504084404249	6.93901446907436	6.89319634502871	7.14252296864698
Psmb10	5.74730576102646	5.9010825346285	5.88227937249465	5.82989980558041	8.09272969700659	8.02531862726308	7.9036811780797	8.32284917189497	5.7690515125143	5.9595716100575	5.78149157807691	5.72315910532451
Lgals9	2.5333884231365	2.67321049776112	3.01891874970234	2.75516328625077	7.26115920794153	6.95862440502453	6.47166179933987	7.32069233998462	4.28805617204788	4.57085494265389	4.40543135701921	4.33248427062351
Ifit1	3.73096543346754	4.6422779190154	4.84107689761941	4.34838314465399	9.47817038510274	9.89027999002508	9.249187835159	9.7460309975625	6.08114437423454	6.13141122595879	5.7059657282807	5.75260556592715
Ifit3b	2.95001090767612	3.36359692653433	3.55195882422389	3.31124649165088	7.88778630447466	8.70390772498268	8.2901861664794	8.74178608635976	5.53356255015899	5.54983683359248	5.07964959085732	5.00230580726946
Tap1	3.27288915856432	3.6962232287802	4.09460255456725	3.71162462451022	9.02425685755785	8.70572226943965	8.41249472112783	9.28989440070277	4.8619803778077	5.1085608152098	4.74827452251193	4.2872084392094
Nlrc5	-0.381825707094098	0.386619222748138	0.97250873169563	0.0973575339402329	5.553392859636	5.2959694177195	5.63234667999537	5.86257640704432	2.07729508238443	2.48733435386084	1.99632029227731	1.7734052228302
Cmpk2	3.96057245939887	4.40238558392873	4.61399493476814	4.58272624711649	7.9124327947338	7.69558627213697	7.85322611684627	8.07615568104941	4.99177589524357	5.41719718711437	4.83665977010322	5.225729760058
Gbp6	2.48879605812856	3.19163545907822	3.62745349946879	3.45006943010482	8.93848197025839	8.73723957868774	8.34137958323667	9.06647205042011	4.47245618483535	5.02778868737265	4.45483646064076	4.34358464761409
Ms4a6c	1.06281288152282	1.70691063578137	1.75700007729852	2.19502012636488	7.16066016569878	7.24194976801035	6.58677148592428	7.5340419778957	3.5011983601634	3.74306878278729	3.13563946293447	3.7417646083785
Phf11b	0.16333776133992	1.19280527583374	1.08390882101162	0.0973575339402329	6.43579145019775	6.01575157746003	5.93030340836274	6.73428033383537	2.37351213428685	2.98790266058943	2.54485953006573	2.6186631724327
Ms4a6b	0.935682960181513	1.01368791621054	1.6524466014038	1.49793744965466	5.95280763929402	5.99555040254168	5.99324761897216	6.72573047936342	2.3317146502953	2.98790266058943	2.48903648257915	2.68997689825679
Ifit3	3.96057245939887	4.77477580878959	5.10812690699825	4.7533194016562	9.84199942359361	9.84841962326611	10.0838815560651	10.1142440885748	6.68332717295719	7.02773361212635	6.41029129974025	6.25991250869013
Parp9	2.48879605812856	2.02336782865699	2.44034860404777	2.50210791237041	6.04170770346644	6.15583470169134	6.29358574746606	6.83807788555144	3.38339191953597	3.66382628199119	3.22947439973174	3.52486818368995
Tor3a	3.17777173931564	2.93055087775608	3.44124835798942	3.18439498708951	6.77250303957791	6.95252424496956	6.84476534946526	7.4121189835013	4.23802271251283	4.62415889143256	4.02194827588955	4.03669596075273
Ifi35	1.23468986047539	1.62605362404531	2.08621154355681	2.36843831482151	6.20365025510874	5.9904555996795	5.93705993236513	6.26492497234281	2.99884513182416	3.46781013794236	3.00905260922094	3.08338106988955
Mx2	0.558056306161193	1.78347544694871	2.2141620679017	1.99787134391478	6.77313645623392	6.48169840497054	6.29884096344192	6.53092727225263	2.82898264852034	3.26795729120422	2.99576091947222	2.77443084966162
Ddx58	1.91186206758096	2.61154258748905	2.41926051667205	2.85849775596635	6.51971350470623	6.76237347889869	6.87850154550603	7.23743333820061	3.81359736506553	4.16607135449681	3.56261966932659	4.06379757362242
Parp3	2.89980248560994	2.63239282144626	2.88689166132547	2.84178118973705	6.40669637419439	6.21963450923808	5.95047878717385	6.45924406284482	3.97842067306856	4.12967178075236	3.7484405581792	4.33804513515063
Mnda	0.16333776133992	0.654645035182957	1.18732014947843	0.865342839531381	6.40178963268637	6.49734717572159	5.89430300932124	6.99661892717193	1.94493587675733	2.53264513167681	1.41191694756098	2.06924105316602
Igtp	3.14940233009384	3.63555200524772	4.0472777768111	3.80081599401099	9.31506558468762	8.88845646145732	8.92526929781721	9.27073704442355	4.3984650821025	5.18149769560835	4.19475385692312	4.00907547018785
Trim21	1.06281288152282	1.35212031652878	0.97250873169563	0.489560181809463	5.13547139806095	5.06345147519225	5.19006807666688	5.6530977620257	2.31035285323556	2.15202583797813	1.73350957485207	1.67137545590249
Ly6a	4.65877763809237	5.07811631213614	5.07142480952259	5.38113354165361	9.73861039296455	9.22306386891089	8.8554331726598	9.34187032331648	5.2006681479554	5.87853418980012	5.33053715562969	5.80574668922069
Ifi44	2.61863975661836	2.93055087775608	3.69919329451053	3.38232709201948	8.49258226713017	8.70753453452647	8.50122065250293	8.90852990063246	4.54740912369792	5.05521827635799	4.00214359262011	4.23451476049425
Psme2b	3.92754059625376	4.34669871710391	4.19106929213573	4.26932966861543	6.72549590822079	6.61236285306264	6.79356512664978	7.01865981101066	4.6402225022236	4.82418649854015	4.70809012293161	4.50058961408692
Fcgr1	1.38825263660638	1.54039444267513	1.61584103264743	1.26701471305512	5.8887860688259	5.89371346509737	5.52208222614212	6.59217869238164	3.26624079843083	3.45609848244234	3.39048657029166	3.12257383543106
Trim25	2.81203207115864	2.61154258748905	3.23947956949614	3.33533125004303	6.68298521994036	6.2695592056181	6.35163121513954	6.64187524388212	4.19787156631746	4.2899926978314	4.48368729364492	4.2872084392094
Usp18	1.76999822308899	1.66704851787672	2.79164436485849	2.45891298978776	7.12040734656267	7.31237275737445	7.57701406224894	7.83911025498416	4.08918235609892	4.53790087574046	4.11708797422723	3.7993361369172
Ifi47	1.43601084684149	2.47968674669493	2.41926051667205	2.36843831482151	7.85195868862436	7.46709461066552	7.24805390357593	7.96249604015221	2.91641239227013	3.78111543146576	2.79554559357644	2.80687511078195
Parp14	2.04101651042513	2.08517029694473	2.44034860404777	2.02773922775251	6.73917615598827	6.36450665284313	6.68536830315854	7.33200256896713	3.85844289648541	4.12228034952233	3.28516580921509	3.9080139457109
Il18bp	1.91186206758096	1.99144456387051	2.63583273430838	2.24673119737328	6.8100242062416	6.05532463793483	5.98185708850814	6.4187095347946	2.22159476318082	2.97154265882166	2.30730493627879	2.63682479603312
Apol9a	-1.61283971790447	-1.60522510395257	-0.681967088060818	-1.04407982128261	3.89627125413945	3.58454162078965	3.18530695146297	3.90058214897469	-1.16260217610806	-0.97550082914839	-0.943721646039722	-1.11411867503086
Tgm2	3.10577398481227	3.21946221317187	3.59019992487843	3.50418863152025	7.50295622895961	6.77921241724719	6.87322694561503	7.37637712151733	3.89477788684038	4.56541460664269	4.1712988791496	4.34910297135803
Tmem106a	1.00064780007139	1.07589760554095	1.75700007729852	1.21603849214848	5.68442704848735	5.52228539691	5.22637429279644	5.99654520925849	2.82898264852034	3.30759962639084	2.98234563249725	2.86965352349562
Stat1	3.70195799562933	3.97453405943686	4.01952131140458	3.9795511582312	7.38732435025161	7.82046433023778	7.96859663536268	8.31610164804878	5.71113925649653	5.59325512249557	5.35936361454004	5.05052209306556
Tspo	2.95001090767612	2.78916062529441	2.70716717279118	3.26183610769773	7.68563207819698	7.11895078268504	6.58462158893082	7.32494407343317	4.09544032969132	4.54344575937148	4.12321298728975	4.19215736940569
Socs3	1.38825263660638	1.24788836171105	1.97499614856001	1.65928111641971	6.80940678331379	6.47563415877553	5.73477876069442	6.74701085526987	3.61882229714092	3.91547056910054	3.79522417220773	3.48532289051868
Isg20	0.64190355326548	1.01368791621054	1.13654084303256	1.26701471305512	5.38294045765616	6.07951767708126	5.26983990462635	6.41738281734361	1.97239702063623	1.75320798218121	1.70111859743748	1.40083279477019
Stat2	4.71309289627448	4.93020022197655	4.91449974960395	4.64186050693423	7.94146333280464	7.45296554966198	7.39821474892112	7.79125807677573	5.49147377200589	5.43818503708277	5.27385218212866	4.9740124288561
Dhx58	0.558056306161193	0.88059220351477	1.4593574650313	1.36386233810096	5.07099527599565	5.01744020062514	4.83242397727173	5.26775033894642	1.49280618893289	2.15202583797813	1.37132288063878	1.48344253734179
Oas3	-0.381825707094098	0.386619222748138	-0.218266866193667	-0.61693128320299	4.26024659163029	4.35003658755949	4.16181198922455	4.63018466478911	0.830669615003297	0.577780305761011	0.413593116452794	-0.232763897194736
Apod	7.55379663965024	7.72961482508524	7.98373871075748	8.02511816242992	11.1302334019232	11.1662580772175	10.621160954181	10.6041991236165	8.1115226964162	8.43304257968088	7.93556034793205	7.92008502832421
Psmb8	2.81203207115864	2.2827434065887	3.55195882422389	3.5460682122609	8.64690768372694	7.97246691098024	8.20527940713672	8.44442068503933	4.49629997439163	5.02778868737265	4.80271615669817	4.76284899703628
Tlr3	3.45776958240396	3.539475167851	3.47229439121564	3.2743482547446	6.01732007856146	6.17242606874057	6.55637741529126	6.39463992377912	4.30435568492375	4.57085494265389	4.26291411190165	4.49562229260234
Oas1a	0.16333776133992	0.88059220351477	2.03167526121225	0.865342839531381	6.7176199839904	6.62885084124733	6.53092276460631	6.9478293183077	3.08941723600893	3.71386052101732	3.04820835775436	3.44466300945015
Ms4a6d	0.374154416339656	1.13553530709172	1.97499614856001	1.76945202933988	6.51744706381382	6.43245533622957	6.01576238359278	6.653191293555	3.27729281488635	3.72366245971201	3.12346905222525	3.35973506402862
Epsti1	0.469033650977809	0.88059220351477	0.649335318274132	0.306745758173502	5.03341970289388	4.91360705990692	4.7580621910281	5.6463183483781	2.3317146502953	2.15202583797813	2.12398104578913	2.65476062826864
C1ra	0.721144227380779	1.95879890136019	1.6524466014038	1.8718033865563	6.35008475886324	5.90819464711699	5.86271397566346	6.73747351114697	3.20967389151067	3.08234820596398	3.20658161051271	2.83860576301675
Serping1	2.65944782714304	3.02818353768229	3.38797252152559	3.2990516356989	7.39186809335553	6.77822731342892	6.9268229159138	7.14186170437497	4.03160443053815	4.87784354422574	4.63709796676015	4.71663679821719
Eif2ak2	1.97788409389315	2.5471205219753	2.85583605044022	2.52322988084814	6.02797408537512	6.30555885210255	6.39766773560896	6.95607636500863	3.52920594617744	3.6739729125433	3.89166622079655	3.58222510297107
Cebpd	3.24634658673303	2.8964810573914	3.0048317470392	2.68191828252346	6.6735166413212	6.68564408510302	6.0300527967542	6.77317736664365	5.52431502842854	5.63540481238288	5.63914706842438	5.57797212835546
Xdh	1.80679326910988	1.24788836171105	2.2141620679017	1.76945202933988	5.25999369173081	5.36583283007327	4.93048362205934	5.7018632907308	1.82954518988724	2.12269295141563	2.26361130124188	2.06924105316602
Ccl4	-0.381825707094098	-0.747616497040754	0.851781465616458	0.0973575339402329	6.05635299338439	5.85872664404427	5.50626815716649	6.58746752813337	3.26624079843083	3.6014005942902	3.31757711376773	3.19790291676191
Znfx1	5.2691588951382	5.3695598259254	5.30491951560758	5.59324058857027	7.70169140795975	7.51873192464984	7.60114348864278	7.93679782425236	5.25478935872812	5.71618055852511	5.4351738308602	5.69959344682008
Zc3hav1	1.23468986047539	1.01368791621054	1.32974131454434	0.797611841919474	6.12047699893683	5.59793119975896	5.05372548074201	5.99476721449083	2.39396537027082	2.8692840464042	2.45058381899696	3.04309377623766
Gbp3	2.83001853699322	3.11962574350624	3.56161454778697	2.66301088015264	7.91530489373818	8.24658310195426	7.35156392324662	8.54108940949593	4.59235128500647	4.83778900674066	4.47413431230545	4.58719535089302
C3	1.23468986047539	0.809137370892784	1.6524466014038	1.73365510844699	6.39850917581521	6.49973968410307	5.62817767954559	6.28252051613783	5.05093291913747	5.35549265287249	5.19172065333001	5.52044245351093
Oas2	-0.381825707094098	0.809137370892784	0.913407564187699	0.65179253631531	5.48389853537291	5.23121456364344	5.38055273813669	6.12726167120508	2.31035285323556	2.44055422610878	1.99632029227731	2.77443084966162
B2m	7.15238414907276	7.5211338391581	7.76559804362588	7.84181659087889	12.3974078440827	11.8019184200293	11.367376331005	11.9173437352186	9.0425441778196	9.46321560548111	9.4730408150852	9.51829146631342
Apobec3	1.76999822308899	1.74570090012266	1.94579908213623	1.73365510844699	5.27617079809129	5.43746934267478	5.23736407991365	5.967830949004	3.11428387519686	3.45609848244234	3.2960506833261	3.61007050257319
Pnp	4.11525818510562	3.98267595662715	4.0472777768111	4.00229460256491	6.70572488850537	6.47198333775917	6.47282469440805	7.1052517250328	4.78276144771687	4.79659057315445	4.48368729364492	4.59185766966829
Samd9l	1.61264788981938	2.02336782865699	2.50182414964328	1.96737201432267	6.29292849892544	6.49495069310725	6.41471090123693	7.01865981101066	3.3206731920545	3.54723300639253	2.41107813226415	2.80687511078195
Ccl12	-0.75813268298096	-0.0717904118108819	0.232219896355242	0.572955555337145	5.4254652157343	5.16039477884043	5.44121923574393	5.98584422303565	3.97842067306856	3.7333982513729	3.44039732070466	3.18561805308566
Cybb	1.69346720893818	1.74570090012266	1.5782824353872	1.76945202933988	6.5861021428054	6.57314186970576	5.73283862789467	6.92186613984817	4.71121557187457	4.63977345859196	4.82543373481983	5.21971773928849
Pml	3.02999357993193	3.20561592551493	2.82409719860405	2.95492292141225	5.35105231357116	5.22833211681772	5.55319963944939	5.68211257287383	3.11428387519686	3.37134158889681	3.07373398479081	3.28108696142853
Apol9b	-2.06581210889809	-1.60522510395257	-0.356907449791374	-1.31687679653887	3.85378598734253	4.05048941997336	3.37638136264548	4.07899268152791	-0.429221054804605	-0.540631036032796	-0.943721646039722	-1.11411867503086
Ifi204	0.796258246908987	0.88059220351477	2.03167526121225	1.26701471305512	6.926206865687	7.15278933779544	6.36045424491261	7.5087245734956	3.34188383631002	3.53615108760151	2.68395195403815	3.16072997565932
Trex1	3.42264044300279	3.50597310852343	3.54223804079181	3.68375533614422	6.7202500722995	6.05532463793483	6.08279632390329	6.50117780801725	3.85844289648541	3.9985572992833	3.74049363960523	3.34875872981375
Gm4841	-0.75813268298096	-0.370486503010787	0.0244888081003163	-0.287785067619479	5.34424825836884	4.6419417032672	4.70363002837107	5.86062528174765	0.70534307972773	1.14285684970707	-0.294769773153954	0.633437215744679
Trim30d	1.87768235093799	1.95879890136019	1.79023263664358	2.89136078843365	6.38033210401363	6.68143493910935	6.67327950778984	7.15306456717588	3.2438794781776	3.8982631841297	3.34927624259863	3.86243637478305
Gbp9	0.796258246908987	1.07589760554095	0.575006842686873	-0.1476657008346	5.29216851830593	4.95952169044758	4.15603210257997	5.41062021794695	0.769366805032571	0.816322315268434	0.565261131877379	1.01299201885858
D17H6S56E-5	1.61264788981938	2.14443365686371	1.8544857878925	1.65928111641971	5.56952662002631	5.81712632384546	6.30668806796052	6.25158603585225	4.39339476006758	4.85572845189308	4.63281114212747	4.1358041027992
Samhd1	4.43614288902146	4.45014263818763	4.55720982597554	4.77988877314941	7.29198299848295	7.0969964318933	7.66460074034875	8.05071004383336	4.79049631979948	5.20967036642296	4.91994135223448	4.9740124288561
Ctss	6.01045410519898	6.02451874476109	6.13276548358367	6.24026545344652	9.99820655564525	9.57837557961777	8.93078054231068	9.70053377168251	8.03382113933737	8.22709054721894	8.19197807400488	8.36653178072578
Psmb9	1.38825263660638	1.4955789003513	2.03167526121225	2.08568159794932	7.07180909386904	6.21672880941584	6.61337832183372	7.0936698442628	2.07729508238443	3.38375886397271	3.17154655067533	2.72435398097809
Tmem140	1.4822386220888	1.07589760554095	1.41743278513361	0.797611841919474	5.11962049351056	4.52935364466457	5.30682690039886	5.6865250475825	2.28866999497122	2.48733435386084	2.17204176620788	2.12176816989092
Psme1	4.54359855931001	4.45600262858995	4.64157074652154	4.69866606502162	7.39434048022167	6.98533359432323	6.90717209732738	7.29419275391751	4.57901502479595	5.22009487975438	5.12308493777656	5.21065247042296
Cd274	0.469033650977809	1.66704851787672	2.11272558859884	1.65928111641971	7.4405282980568	6.98874420088799	6.63743065543922	7.55470507159578	2.41413268740356	3.32057531372202	2.2856235262727	2.58163929823343
Slfn1	-2.72977469578154	-0.546763394150302	-0.218266866193667	-1.04407982128261	4.77972001957285	4.23412205485069	4.34061434588686	5.11898842390073	-0.0519522884918701	0.488615410330915	-0.0546041300327139	0.480931581364599
Irf1	3.85911756131488	3.71589292370576	4.31041067198567	4.03942128532379	8.94678738864836	8.19140932042377	8.05615387753262	8.87412672375644	4.47245618483535	5.17793711227451	4.58922739137901	4.1294045580709
Phf11d	-0.0836450426336666	1.13553530709172	1.68814631233043	1.10834188283842	6.44615545462934	6.50093445207141	5.73089588249521	6.95698980019829	2.3317146502953	2.4165827590429	1.63406975714584	1.7734052228302
Slfn8	0.16333776133992	0.948674357637561	1.41743278513361	2.02773922775251	6.06568991839808	6.12362044385923	6.16998078857055	6.64187524388212	2.5295522033701	3.35881650980378	2.58090990189437	3.04309377623766
Cfb	0.796258246908987	1.30094545436178	2.35408118255944	1.16319489285887	7.10589842384102	6.99384504037458	6.35667955168436	7.39267189852466	2.17508028181999	2.70087103560617	2.21855291494213	1.52303870458735
